finish
/clear
/prep7

!输入坐标点(KP)
!PLANE1
k,11.0,0.0008046064177,3.497686863,0.2702778578
k,12.0,0.0141359847,3.644397736,0.7237899303
k,13.0,0.02363692224,3.807713985,1.222770929
k,14.0,0.027023801580000003,3.975408554,1.741935372
k,15.0,0.01238662004,4.148095608,2.268737078
k,16.0,-0.009011791088,4.306982517,2.75225234
k,17.0,0.008652117103,4.466264725,3.2394073010000004
k,18.0,0.03329924494,4.624804974,3.720020533
k,19.0,0.009892616421,4.802628994,4.254790306
k,110.0,0.130380109,4.874337196,4.512250423
k,111.0,0.5331741571,3.57812953,0.5587591529
k,112.0,0.5247747897999999,3.724081755,0.9824236631
k,113.0,0.5409706235,3.874123573,1.437629819
k,114.0,0.5371749401,4.04720974,1.964769602
k,115.0,0.5185322762,4.210390568,2.461915255
k,116.0,0.5065472722,4.363780975,2.93181324
k,117.0,0.5365975499,4.527569294,3.438385725
k,118.0,0.5247608423,4.668923855,3.873166323
k,119.0,0.5308051705,4.854884623999999,4.439763546
k,120.0,4.97333622,3.599578381,0.6086821556
k,121.0,5.031816959,3.768020868,1.114155531
k,122.0,5.080665112,3.900396347,1.521439314
k,123.0,5.0798578260000005,4.073802948,2.053299189
k,124.0,5.017093658,4.237793922,2.546662807
k,125.0,4.923260689,4.406360149,3.067866325
k,126.0,4.921412945,4.5792880060000005,3.596313953
k,127.0,4.932586193000001,4.683250427,3.910919905
k,128.0,4.945647717,4.860737324,4.448453903
k,129.0,5.461730003,3.590009451,0.5780789256000001
k,130.0,5.51167345,3.760668278,1.090815067
k,131.0,5.554427147,3.90423131,1.531619787
k,132.0,5.538938999,4.082398891,2.07472229
k,133.0,5.5206851960000005,4.235773563,2.54003334
k,134.0,5.597941399,4.391355515,3.021636486
k,135.0,5.689919949,4.560203552,3.531800747
k,136.0,5.761939049,4.677694798,3.884325266
k,137.0,5.64799118,4.845809937,4.393073082
k,138.0,6.0635471339999985,3.605262041,0.6302859783
k,139.0,6.039278984,3.76200223,1.0965226890000002
k,140.0,6.051034927000001,3.905554056,1.536311865
k,141.0,6.03589344,4.07805872,2.063373089
k,142.0,6.046835899,4.266266346,2.637735128
k,143.0,6.04093504,4.420754433,3.1088995930000003
k,144.0,6.024251938,4.570691586000001,3.562738657
k,145.0,6.055130005,4.689678669,3.930071831
k,146.0,6.079397677999999,4.854644775,4.425247669
k,147.0,6.589205265,3.797218323,1.209166646
k,148.0,6.501142502,3.939641953,1.646802783
k,149.0,6.507357597,4.098948956,2.134114742
k,150.0,6.55828619,4.275419712,2.67009306
k,151.0,6.529366016,4.445585728,3.192141533
k,152.0,6.51538229,4.606043816000001,3.674746513
k,153.0,6.513403416,4.720589638,4.027467251
k,154.0,6.505790234,4.862264156,4.442843437
k,155.0,7.019296169,3.7165277,0.9593399167
k,156.0,7.035644531,3.849409342,1.363180399
k,157.0,7.026342869,4.025012016,1.902599692
k,158.0,7.023050785,4.1882619860000005,2.40403676
k,159.0,7.0393257139999985,4.349915028,2.897528172
k,160.0,7.0277938839999985,4.501764774,3.363847256
k,161.0,7.020641327000001,4.662677765,3.84191227
k,162.0,7.00625658,4.863427162,4.444464684
k,163.0,7.539150715,3.730693817,0.9984074235
k,164.0,7.506593704,3.871487617,1.431777596
k,165.0,7.529787064,4.038013935,1.94199121
k,166.0,7.511777877999999,4.19659853,2.43066597
k,167.0,7.549520492999999,4.370726585,2.962591648
k,168.0,7.51824379,4.531039238,3.450089693
k,169.0,7.530276775,4.66377306,3.846994162
k,170.0,7.565321922000001,4.863687992,4.436956882
k,171.0,7.978524685,3.740166664,1.0303075309999998
k,172.0,8.016299248,3.867305994,1.4188058380000002
k,173.0,8.001757622000001,4.041942596,1.956795335
k,174.0,8.020895957999999,4.214858532,2.489665031
k,175.0,8.038103104,4.376935959,2.979447126
k,176.0,7.995771407999999,4.54847765,3.496581078
k,177.0,8.049926758,4.671498299,3.866015673
k,178.0,8.0300951,4.859728813,4.431922913
k,179.0,8.532343864,3.757963657,1.091350317
k,180.0,8.523720741,3.904139519,1.543260932
k,181.0,8.528646469,4.073809147,2.0668654440000003
k,182.0,8.573437691,4.238395214,2.569182873
k,183.0,8.551498413,4.401872158,3.068524837
k,184.0,8.518109322,4.572022915,3.57868886
k,185.0,8.565280914,4.685894011999999,3.92357564
k,186.0,8.518024445,4.863957882,4.451577663
k,187.0,9.048603058,3.743055344,1.04354465
k,188.0,9.040714264,3.888351679,1.4888844490000002
k,189.0,9.065372467000001,4.050122738,1.990835428
k,190.0,9.04417038,4.228456497,2.532496452
k,191.0,9.063314437999999,4.374397278,2.980451345
k,192.0,9.044060707,4.554900169,3.528907537
k,193.0,9.07913208,4.6804223060000005,3.901309252
k,194.0,9.007312775,4.861281395,4.438851833
k,195.0,9.491461754,3.74679327,1.05210495
k,196.0,9.505637169,3.876353979,1.450940132
k,197.0,9.511216164,4.057797432,2.008943558
k,198.0,9.492155075,4.211072445,2.477284193
k,199.0,9.510044098,4.379321575,2.994017363
k,1100.0,9.507196426,4.552009583,3.516528368
k,1101.0,9.491864204,4.6820592880000005,3.90241313
k,1102.0,9.535752296,4.86249876,4.439186573
k,1103.0,1.117150307,3.594927788,0.5954195261
k,1104.0,1.037685275,3.757987022,1.0808373690000002
k,1105.0,1.024384141,3.912695408,1.551844239
k,1106.0,1.027685165,4.069738865,2.031038761
k,1107.0,1.059588194,4.246589661000002,2.573078871
k,1108.0,1.02916491,4.397770882,3.04201293
k,1109.0,1.045111299,4.5585784910000005,3.538243532
k,1110.0,1.002244711,4.683858395,3.920917749
k,1111.0,1.005490184,4.856693745,4.44068861
k,1112.0,10.07885456,3.717463255,0.9654827118
k,1113.0,9.972626686,3.930285931,1.612094283
k,1114.0,10.02316856,4.081673145,2.075309992
k,1115.0,10.04387951,4.256862164,2.609413862
k,1116.0,10.00018597,4.423592091000001,3.118042946
k,1117.0,10.03028011,4.573171138999999,3.570026636
k,1118.0,10.03748608,4.689702034,3.915032148
k,1119.0,10.00689697,4.856394291,4.423551559
k,1120.0,10.54626274,3.609193802,0.6568062901
k,1121.0,10.52748203,3.769718647,1.133311391
k,1122.0,10.52950191,3.937902451,1.643289924
k,1123.0,10.55353069,4.10102272,2.136719227
k,1124.0,10.53340912,4.271057129,2.654539347
k,1125.0,10.53439426,4.415082932,3.093840599
k,1126.0,10.54056358,4.599531651,3.648017168
k,1127.0,10.51312065,4.714848518,3.994317532
k,1128.0,10.48631382,4.864591122,4.444177151
k,1129.0,11.06862736,3.613547325,0.6666439176
k,1130.0,11.02375317,3.768918276,1.128753066
k,1131.0,11.00264072,3.934509754,1.634591699
k,1132.0,11.0088129,4.1043715480000005,2.143969536
k,1133.0,11.04556179,4.265340805,2.625523806
k,1134.0,10.98719025,4.430729866,3.133902073
k,1135.0,10.94552135,4.591061592,3.616687059
k,1136.0,10.83928585,4.70665884,3.97701335
k,1137.0,11.12933159,4.864243984,4.428900242
k,1138.0,11.63700867,3.517924309,0.3644502759
k,1139.0,11.58157349,3.659696817,0.7950768470999999
k,1140.0,11.54528904,3.829794884,1.31408906
k,1141.0,11.50389862,3.985120296,1.783492565
k,1142.0,11.43302536,4.151183128,2.276541471
k,1143.0,11.45925331,4.316973686,2.768816233
k,1144.0,11.52687645,4.484408855,3.281451702
k,1145.0,11.55733967,4.663632393,3.827279806
k,1146.0,11.60975552,4.838628292,4.354074001
k,1147.0,11.86451244,3.534317017,0.3706078231
k,1148.0,11.94983387,3.661772728,0.7587482929000001
k,1149.0,12.00506592,3.829045534,1.272175908
k,1150.0,12.02235508,3.990222692,1.771558046
k,1151.0,11.98936653,4.144938946,2.266199112
k,1152.0,11.92184258,4.31577158,2.7976934910000004
k,1153.0,11.96913338,4.481802463999999,3.296499491
k,1154.0,11.98016453,4.635672569,3.758647919
k,1155.0,11.98042011,4.796560764,4.2361407280000005
k,1156.0,12.01857948,4.887494564,4.53680706
k,1157.0,12.54526138,3.511306047,0.3120207191
k,1158.0,12.56198311,3.66868329,0.791782558
k,1159.0,12.57086372,3.825825214,1.269241333
k,1160.0,12.57783413,3.997738123,1.802961826
k,1161.0,12.55660057,4.150251865,2.271871567
k,1162.0,12.564291,4.317946434,2.7847166060000004
k,1163.0,12.56528091,4.46505928,3.239730358
k,1164.0,12.57215691,4.6382341380000005,3.765449762
k,1165.0,12.53352356,4.792146683,4.248888016
k,1166.0,12.55500793,4.877036095,4.535470486
k,1167.0,13.03607368,3.579496622,0.5240177511999999
k,1168.0,13.0269022,3.74941349,1.037304401
k,1169.0,13.02880383,3.899083614,1.500139475
k,1170.0,13.03577518,4.06885767,2.023757935
k,1171.0,13.01478767,4.231068134,2.517174721
k,1172.0,13.01352501,4.390203953,3.01048398
k,1173.0,13.0353899,4.556199073999999,3.521536589
k,1174.0,13.03148174,4.686273575,3.914368153
k,1175.0,13.01289845,4.867716789,4.461798668
k,1176.0,13.51455975,3.588649035,0.5587344766
k,1177.0,13.53982258,3.759937763,1.071044683
k,1178.0,13.50108433,3.895884275,1.491895199
k,1179.0,13.543955800000004,4.069187641,2.028247833
k,1180.0,13.531225199999998,4.230483055,2.518190145
k,1181.0,13.5416832,4.390125275,3.01210928
k,1182.0,13.50957203,4.554479599,3.517452717
k,1183.0,13.53630543,4.683796883,3.905202866
k,1184.0,13.57193089,4.868861675,4.466954231
k,1185.0,14.04758263,3.582222939,0.538015008
k,1186.0,14.03030491,3.754406214,1.059331059
k,1187.0,14.00987816,3.90766263,1.5304309130000002
k,1188.0,14.02569294,4.073479176,2.042119026
k,1189.0,14.02271557,4.231720923999998,2.524624109
k,1190.0,14.01477337,4.396316051,3.030950785
k,1191.0,14.01311016,4.564845562,3.546983719
k,1192.0,14.01698971,4.680143833,3.89612484
k,1193.0,14.01323032,4.86831522,4.459771633
k,1194.0,14.52463913,3.619469404,0.6803990602
k,1195.0,14.64824295,3.785578966,1.163006902
k,1196.0,14.60137558,3.945817471,1.6603360180000002
k,1197.0,14.63097954,4.111791134,2.176333189
k,1198.0,14.60864735,4.280744553,2.689866543
k,1199.0,14.61070251,4.445333958,3.1920106410000004
k,1200.0,14.60477829,4.616805077,3.709853888
k,1201.0,14.55343342,4.759041309,4.1501851080000005
k,1202.0,14.52227116,4.869823456000001,4.470113754
k,1203.0,1.581197262,3.576631308,0.5468795896
k,1204.0,1.535167575,3.756042719,1.073406458
k,1205.0,1.538588881,3.904403448,1.529083729
k,1206.0,1.5457726719999998,4.065721035,2.025335312
k,1207.0,1.5479600430000002,4.230730534,2.531105518
k,1208.0,1.5546600819999998,4.397098064,3.044358253
k,1209.0,1.53089273,4.5726614,3.5839457510000003
k,1210.0,1.524451494,4.684057236,3.921474695
k,1211.0,1.498157978,4.856676102,4.44785881
k,1212.0,15.03629112,3.591810703,0.5783746243
k,1213.0,15.02341557,3.759296894,1.077326536
k,1214.0,15.03628063,3.912314892,1.551888585
k,1215.0,15.02968502,4.076383114,2.059621096
k,1216.0,15.02543736,4.234063625,2.540891409
k,1217.0,15.02102757,4.394032001,3.031975985
k,1218.0,15.04538441,4.566751003,3.558138371
k,1219.0,15.02904129,4.68614769,3.915584564
k,1220.0,15.0303297,4.862131596,4.445476532
k,1221.0,15.44013882,3.626250982,0.6791082621
k,1222.0,15.52687836,3.772968054,1.122623801
k,1223.0,15.52043915,3.92416048,1.588939548
k,1224.0,15.53165436,4.095356464,2.120157957
k,1225.0,15.52787018,4.26190424,2.628861189
k,1226.0,15.52072811,4.424656391,3.129985809
k,1227.0,15.53907394,4.583303452,3.607430935
k,1228.0,15.5357666,4.701974392,3.960732698
k,1229.0,15.48032761,4.866364479,4.460144043000001
k,1230.0,15.97231865,3.688154459,0.8715466261
k,1231.0,16.06435966,3.835949659,1.318992972
k,1232.0,16.04135513,3.999968052,1.823970914
k,1233.0,16.03292847,4.159091473,2.314804554
k,1234.0,16.02841759,4.315089226,2.792249203
k,1235.0,16.02009583,4.478155136,3.29210043
k,1236.0,16.05328178,4.6436119080000005,3.787543058
k,1237.0,16.00904846,4.859851837,4.438063145
k,1238.0,16.339130400000002,3.690202236,0.888477087
k,1239.0,16.38949394,3.881302834,1.4704283480000002
k,1240.0,16.42921829,4.04390192,1.965608835
k,1241.0,16.45199776,4.214912891,2.484459162
k,1242.0,16.46570587,4.380603313,2.983095407
k,1243.0,16.44906425,4.54792738,3.493721962
k,1244.0,16.49205971,4.673510551000001,3.871900082
k,1245.0,16.45042801,4.842740536,4.415298462
k,1246.0,17.04152298,3.80751729,1.232414126
k,1247.0,17.03465462,3.970157862,1.732731581
k,1248.0,17.03492165,4.1127109530000014,2.177521229
k,1249.0,17.03014946,4.269901752,2.650334597
k,1250.0,17.01959419,4.412382603,3.090963125
k,1251.0,1.930747032,3.631432533,0.7067263126000001
k,1252.0,1.895218253,3.789550543,1.174774647
k,1253.0,1.934682965,3.955021143,1.685281396
k,1254.0,1.967373133,4.117156028999998,2.182209253
k,1255.0,1.984489083,4.269155979,2.652355671
k,1256.0,1.976360559,4.440811634,3.17686224
k,1257.0,1.977708697,4.601998329,3.668029785
k,1258.0,1.961869478,4.735237122,4.074261189
k,1259.0,1.870079994,4.8637361530000005,4.475876808
k,1260.0,2.500171185,3.580617666,0.5530114770000001
k,1261.0,2.502670288,3.756805658,1.079352498
k,1262.0,2.547454119,3.912225962,1.555749536
k,1263.0,2.539649963,4.082305908,2.080219507
k,1264.0,2.53534627,4.241389275,2.566640377
k,1265.0,2.546895504,4.398964882,3.050946236
k,1266.0,2.520551205,4.566301823,3.562842131
k,1267.0,2.547270536,4.679552078,3.905645132
k,1268.0,2.515423775,4.849005699,4.430212975
k,1269.0,3.03401351,3.5744173530000003,0.5248654485
k,1270.0,3.040892363,3.764803648,1.096832752
k,1271.0,3.042041302,3.905119419,1.530946016
k,1272.0,3.035312414,4.069618225,2.038703918
k,1273.0,3.039351702,4.2395515439999985,2.556972742
k,1274.0,3.053198338,4.396589279,3.045908928
k,1275.0,3.028998852,4.565934658,3.567649841
k,1276.0,3.0036103730000003,4.682980061,3.92605567
k,1277.0,3.023530483,4.855116367,4.437029362
k,1278.0,3.5017087460000003,3.586265564,0.557169199
k,1279.0,3.5255713460000004,3.771683693,1.120026827
k,1280.0,3.538938046,3.909016371,1.541403651
k,1281.0,3.503664732,4.077242851,2.061053991
k,1282.0,3.553935528,4.233564854,2.535454273
k,1283.0,3.528756618,4.401678562,3.059607744
k,1284.0,3.527092218,4.556898117,3.538551807
k,1285.0,3.522680044,4.688680649,3.939176321
k,1286.0,3.531701565,4.854924202,4.440384865
k,1287.0,4.030192852,3.524806023,0.3800080419
k,1288.0,3.978116512,3.665401697,0.7984169126
k,1289.0,3.990538597,3.840269327,1.330011845
k,1290.0,3.974171162,4.012317657,1.861785412
k,1291.0,4.0172786710000015,4.161074162,2.3137176040000003
k,1292.0,4.003978252,4.334144115,2.840171337
k,1293.0,4.000614166,4.496687412,3.3473010060000004
k,1294.0,4.013403893,4.650519848,3.81836009
k,1295.0,3.962706327,4.854488373,4.436572075
k,1296.0,4.626724243,3.5977785589999995,0.5958101749
k,1297.0,4.525244236,3.772539854,1.133694053
k,1298.0,4.401221752,3.950045586,1.686774969
k,1299.0,4.575551033,4.11928606,2.1917872430000003
k,1300.0,4.581055164,4.275109768,2.656466722
k,1301.0,4.588654041,4.444372177,3.182505369
k,1302.0,4.582825661,4.60021162,3.662387848
k,1303.0,4.594944477,4.745114326,4.109454632
k,1304.0,4.638190269,4.8665628430000005,4.485771656
k,1305.0,0.0,3.409006357,0.01966358908
k,1306.0,0.5,3.409006357,0.01966358908
k,1307.0,1.0,3.409006357,0.01966358908
k,1308.0,1.5,3.409006357,0.01966358908
k,1309.0,2.0,3.409006357,0.01966358908
k,1310.0,2.5,3.409006357,0.01966358908
k,1311.0,3.0,3.409006357,0.01966358908
k,1312.0,3.5,3.409006357,0.01966358908
k,1313.0,4.0,3.409006357,0.01966358908
k,1314.0,4.5,3.409006357,0.01966358908
k,1315.0,5.0,3.409006357,0.01966358908
k,1316.0,5.5,3.409006357,0.01966358908
k,1317.0,6.0,3.409006357,0.01966358908
k,1318.0,6.5,3.409006357,0.01966358908
k,1319.0,7.0,3.409006357,0.01966358908
k,1320.0,7.5,3.409006357,0.01966358908
k,1321.0,8.0,3.409006357,0.01966358908
k,1322.0,8.5,3.409006357,0.01966358908
k,1323.0,9.0,3.409006357,0.01966358908
k,1324.0,9.5,3.409006357,0.01966358908
k,1325.0,10.0,3.409006357,0.01966358908
k,1326.0,10.5,3.409006357,0.01966358908
k,1327.0,11.0,3.409006357,0.01966358908
k,1328.0,11.5,3.409006357,0.01966358908
k,1329.0,12.0,3.409006357,0.01966358908
k,1330.0,12.5,3.409006357,0.01966358908
k,1331.0,13.0,3.409006357,0.01966358908
k,1332.0,13.5,3.409006357,0.01966358908
k,1333.0,14.0,3.409006357,0.01966358908
k,1334.0,14.5,3.409006357,0.01966358908
k,1335.0,15.0,3.409006357,0.01966358908
k,1336.0,15.5,3.409006357,0.01966358908
k,1337.0,16.0,3.409006357,0.01966358908
k,1338.0,16.5,3.409006357,0.01966358908
k,1339.0,17.0,3.409006357,0.01966358908

!生成area
A,11,1305,1306
A,1306,111,11
A,111,12,11
A,111,112,12
A,112,13,12
A,112,113,13
A,113,14,13
A,113,114,14
A,114,15,14
A,114,115,15
A,115,16,15
A,115,116,16
A,116,17,16
A,116,117,17
A,117,18,17
A,117,118,18
A,118,19,18
A,118,119,19
A,119,110,19
A,118,1110,119
A,1110,1111,119
A,1110,1211,1111
A,1110,1210,1211
A,1210,1258,1211
A,1258,1259,1211
A,1258,1268,1259
A,1258,1267,1268
A,1267,1276,1268
A,1276,1277,1268
A,1276,1285,1277
A,1285,1286,1277
A,1285,1295,1286
A,1285,1294,1295
A,1294,1303,1295
A,1303,1304,1295
A,1303,128,1304
A,1303,127,128
A,127,137,128
A,127,136,137
A,136,145,137
A,145,146,137
A,145,153,146
A,153,154,146
A,153,162,154
A,153,161,162
A,161,169,162
A,169,170,162
A,169,177,170
A,177,178,170
A,177,185,178
A,185,186,178
A,185,194,186
A,185,193,194
A,193,1102,194
A,193,1101,1102
A,1101,1118,1102
A,1118,1119,1102
A,1118,1127,1119
A,1127,1128,1119
A,1127,1136,1128
A,1136,1137,1128
A,1136,1145,1137
A,1145,1146,1137
A,1145,1155,1146
A,1155,1156,1146
A,1155,1165,1156
A,1165,1166,1156
A,1165,1175,1166
A,1165,1174,1175
A,1174,1183,1175
A,1183,1184,1175
A,1183,1192,1184
A,1192,1193,1184
A,1192,1201,1193
A,1201,1202,1193
A,1201,1220,1202
A,1201,1219,1220
A,1219,1228,1220
A,1228,1229,1220
A,1228,1237,1229
A,1228,1236,1237
A,1236,1245,1237
A,1236,1244,1245
A,1236,1243,1244
A,1236,1235,1243
A,1235,1242,1243
A,1242,1250,1243
A,1242,1249,1250
A,1242,1241,1249
A,1241,1248,1249
A,1241,1240,1248
A,1240,1247,1248
A,1240,1239,1247
A,1239,1246,1247
A,1239,1238,1246
A,1239,1231,1238
A,1231,1230,1238
A,1230,1337,1238
A,1337,1338,1238
A,1230,1221,1337
A,1221,1336,1337
A,1221,1212,1336
A,1212,1335,1336
A,1212,1334,1335
A,1212,1194,1334
A,1194,1185,1334
A,1185,1333,1334
A,1185,1176,1333
A,1176,1332,1333
A,1176,1167,1332
A,1167,1331,1332
A,1167,1157,1331
A,1157,1330,1331
A,1157,1329,1330
A,1157,1147,1329
A,1147,1138,1329
A,1138,1328,1329
A,1138,1327,1328
A,1138,1129,1327
A,1129,1120,1327
A,1120,1326,1327
A,1120,1325,1326
A,1129,1130,1120
A,1130,1121,1120
A,1121,1112,1120
A,1121,1113,1112
A,1113,196,1112
A,196,195,1112
A,196,187,195
A,196,188,187
A,188,179,187
A,188,180,179
A,180,172,179
A,172,171,179
A,172,164,171
A,164,163,171
A,164,156,163
A,156,155,163
A,156,147,155
A,156,148,147
A,148,140,147
A,140,139,147
A,139,138,147
A,139,130,138
A,130,129,138
A,129,1317,138
A,1317,1318,138
A,129,1316,1317
A,129,1315,1316
A,129,120,1315
A,120,1296,1315
A,1296,1314,1315
A,1296,1287,1314
A,1287,1313,1314
A,1287,1312,1313
A,1287,1278,1312
A,1278,1269,1312
A,1269,1311,1312
A,1269,1260,1311
A,1260,1310,1311
A,1260,1309,1310
A,1260,1251,1309
A,1251,1203,1309
A,1203,1308,1309
A,1203,1103,1308
A,1103,1307,1308
A,1103,111,1307
A,111,1306,1307
A,1103,112,111
A,1103,1104,112
A,1104,113,112
A,1104,1105,113
A,1105,114,113
A,1105,1106,114
A,1106,115,114
A,1106,1107,115
A,1107,116,115
A,1107,1108,116
A,1108,117,116
A,1108,1109,117
A,1109,118,117
A,1109,1110,118
A,1109,1210,1110
A,1109,1209,1210
A,1209,1257,1210
A,1257,1258,1210
A,1257,1267,1258
A,1257,1266,1267
A,1266,1275,1267
A,1275,1276,1267
A,1275,1285,1276
A,1275,1284,1285
A,1284,1294,1285
A,1284,1293,1294
A,1293,1302,1294
A,1302,1303,1294
A,1302,127,1303
A,1302,126,127
A,126,135,127
A,135,136,127
A,135,144,136
A,144,145,136
A,144,152,145
A,152,153,145
A,152,161,153
A,152,160,161
A,160,168,161
A,168,169,161
A,168,176,169
A,176,177,169
A,176,184,177
A,184,185,177
A,184,192,185
A,192,193,185
A,192,1100,193
A,1100,1101,193
A,1100,1117,1101
A,1117,1118,1101
A,1117,1126,1118
A,1126,1127,1118
A,1126,1136,1127
A,1126,1135,1136
A,1135,1145,1136
A,1135,1144,1145
A,1144,1154,1145
A,1154,1155,1145
A,1154,1165,1155
A,1154,1164,1165
A,1164,1174,1165
A,1164,1173,1174
A,1173,1182,1174
A,1182,1183,1174
A,1182,1191,1183
A,1191,1192,1183
A,1191,1200,1192
A,1200,1201,1192
A,1200,1219,1201
A,1200,1218,1219
A,1218,1227,1219
A,1227,1228,1219
A,1227,1236,1228
A,1227,1235,1236
A,1227,1226,1235
A,1226,1234,1235
A,1234,1242,1235
A,1234,1241,1242
A,1234,1233,1241
A,1233,1240,1241
A,1233,1232,1240
A,1232,1239,1240
A,1232,1231,1239
A,1232,1223,1231
A,1223,1222,1231
A,1222,1230,1231
A,1222,1221,1230
A,1222,1213,1221
A,1213,1212,1221
A,1213,1194,1212
A,1213,1195,1194
A,1195,1186,1194
A,1186,1185,1194
A,1186,1176,1185
A,1186,1177,1176
A,1177,1168,1176
A,1168,1167,1176
A,1168,1158,1167
A,1158,1157,1167
A,1158,1148,1157
A,1148,1147,1157
A,1148,1138,1147
A,1148,1139,1138
A,1139,1129,1138
A,1139,1130,1129
A,1139,1140,1130
A,1140,1131,1130
A,1131,1121,1130
A,1131,1122,1121
A,1122,1113,1121
A,1122,1114,1113
A,1114,197,1113
A,197,196,1113
A,197,189,196
A,189,188,196
A,189,180,188
A,189,181,180
A,181,173,180
A,173,172,180
A,173,165,172
A,165,164,172
A,165,157,164
A,157,156,164
A,157,148,156
A,157,149,148
A,149,141,148
A,141,140,148
A,141,131,140
A,131,139,140
A,131,130,139
A,131,122,130
A,122,121,130
A,121,129,130
A,121,120,129
A,121,1296,120
A,121,1297,1296
A,1297,1288,1296
A,1288,1287,1296
A,1288,1278,1287
A,1288,1279,1278
A,1279,1270,1278
A,1270,1269,1278
A,1270,1260,1269
A,1270,1261,1260
A,1261,1251,1260
A,1261,1252,1251
A,1252,1204,1251
A,1204,1203,1251
A,1204,1103,1203
A,1204,1104,1103
A,1204,1205,1104
A,1205,1105,1104
A,1205,1206,1105
A,1206,1106,1105
A,1206,1207,1106
A,1207,1107,1106
A,1207,1208,1107
A,1208,1108,1107
A,1208,1109,1108
A,1208,1209,1109
A,1208,1256,1209
A,1256,1257,1209
A,1256,1266,1257
A,1256,1265,1266
A,1265,1275,1266
A,1265,1274,1275
A,1274,1284,1275
A,1274,1283,1284
A,1283,1293,1284
A,1283,1292,1293
A,1292,1301,1293
A,1301,1302,1293
A,1301,126,1302
A,1301,125,126
A,125,134,126
A,134,135,126
A,134,143,135
A,143,144,135
A,143,151,144
A,151,152,144
A,151,160,152
A,151,159,160
A,159,167,160
A,167,168,160
A,167,175,168
A,175,176,168
A,175,183,176
A,183,184,176
A,183,192,184
A,183,191,192
A,191,1100,192
A,191,199,1100
A,199,1116,1100
A,1116,1117,1100
A,1116,1125,1117
A,1125,1126,1117
A,1125,1135,1126
A,1125,1134,1135
A,1134,1144,1135
A,1134,1143,1144
A,1143,1152,1144
A,1152,1153,1144
A,1153,1154,1144
A,1153,1164,1154
A,1153,1163,1164
A,1163,1173,1164
A,1163,1172,1173
A,1172,1182,1173
A,1172,1181,1182
A,1181,1190,1182
A,1190,1191,1182
A,1190,1199,1191
A,1199,1200,1191
A,1199,1218,1200
A,1199,1217,1218
A,1217,1226,1218
A,1226,1227,1218
A,1217,1225,1226
A,1225,1234,1226
A,1225,1233,1234
A,1225,1224,1233
A,1224,1232,1233
A,1224,1223,1232
A,1224,1215,1223
A,1215,1214,1223
A,1214,1222,1223
A,1214,1213,1222
A,1214,1195,1213
A,1214,1196,1195
A,1196,1187,1195
A,1187,1186,1195
A,1187,1177,1186
A,1187,1178,1177
A,1178,1168,1177
A,1178,1169,1168
A,1169,1159,1168
A,1159,1158,1168
A,1159,1149,1158
A,1149,1148,1158
A,1149,1139,1148
A,1149,1140,1139
A,1149,1150,1140
A,1150,1141,1140
A,1141,1131,1140
A,1141,1132,1131
A,1132,1123,1131
A,1123,1122,1131
A,1123,1114,1122
A,1123,1115,1114
A,1115,198,1114
A,198,197,1114
A,198,189,197
A,198,190,189
A,190,181,189
A,190,182,181
A,182,174,181
A,174,173,181
A,174,166,173
A,166,165,173
A,166,158,165
A,158,157,165
A,158,149,157
A,158,150,149
A,150,142,149
A,142,141,149
A,142,133,141
A,133,132,141
A,132,131,141
A,132,123,131
A,123,122,131
A,123,1298,122
A,1298,1297,122
A,1297,121,122
A,1298,1289,1297
A,1289,1288,1297
A,1289,1279,1288
A,1289,1280,1279
A,1280,1271,1279
A,1271,1270,1279
A,1271,1262,1270
A,1262,1261,1270
A,1262,1252,1261
A,1262,1253,1252
A,1253,1205,1252
A,1205,1204,1252
A,1253,1206,1205
A,1253,1254,1206
A,1254,1207,1206
A,1254,1255,1207
A,1255,1208,1207
A,1255,1256,1208
A,1255,1265,1256
A,1255,1264,1265
A,1264,1273,1265
A,1273,1274,1265
A,1273,1283,1274
A,1273,1282,1283
A,1282,1292,1283
A,1282,1291,1292
A,1291,1300,1292
A,1300,1301,1292
A,1300,125,1301
A,1300,124,125
A,124,134,125
A,124,133,134
A,133,142,134
A,142,143,134
A,142,150,143
A,150,151,143
A,150,159,151
A,150,158,159
A,158,166,159
A,166,167,159
A,166,174,167
A,174,175,167
A,174,182,175
A,182,183,175
A,182,191,183
A,182,190,191
A,190,199,191
A,190,198,199
A,198,1115,199
A,1115,1116,199
A,1115,1125,1116
A,1115,1124,1125
A,1124,1134,1125
A,1124,1133,1134
A,1133,1143,1134
A,1133,1142,1143
A,1142,1152,1143
A,1142,1151,1152
A,1151,1162,1152
A,1162,1163,1152
A,1163,1153,1152
A,1162,1172,1163
A,1162,1171,1172
A,1171,1180,1172
A,1180,1181,1172
A,1180,1189,1181
A,1189,1190,1181
A,1189,1198,1190
A,1198,1199,1190
A,1198,1217,1199
A,1198,1216,1217
A,1216,1225,1217
A,1216,1224,1225
A,1216,1215,1224
A,1216,1197,1215
A,1197,1196,1215
A,1196,1214,1215
A,1197,1188,1196
A,1188,1187,1196
A,1188,1179,1187
A,1179,1178,1187
A,1179,1170,1178
A,1170,1169,1178
A,1170,1160,1169
A,1160,1159,1169
A,1160,1150,1159
A,1150,1149,1159
A,1160,1161,1150
A,1161,1151,1150
A,1151,1141,1150
A,1151,1142,1141
A,1142,1132,1141
A,1142,1133,1132
A,1133,1124,1132
A,1124,1123,1132
A,1124,1115,1123
A,1161,1162,1151
A,1161,1171,1162
A,1161,1170,1171
A,1170,1180,1171
A,1170,1179,1180
A,1179,1188,1180
A,1188,1189,1180
A,1188,1197,1189
A,1197,1198,1189
A,1197,1216,1198
A,1161,1160,1170
A,124,123,133
A,123,132,133
A,124,1299,123
A,1299,1298,123
A,1299,1290,1298
A,1290,1289,1298
A,1290,1280,1289
A,1290,1281,1280
A,1281,1271,1280
A,1281,1272,1271
A,1272,1262,1271
A,1272,1263,1262
A,1263,1253,1262
A,1263,1254,1253
A,1263,1264,1254
A,1264,1255,1254
A,1263,1273,1264
A,1263,1272,1273
A,1272,1281,1273
A,1281,1282,1273
A,1281,1291,1282
A,1281,1290,1291
A,1290,1299,1291
A,1299,1300,1291
A,1299,124,1300
A,1146,1156,1137
A,1243,1250,1244
A,1238,1339,1246
A,1238,1338,1339
A,1120,1112,1325
A,1112,1324,1325
A,1112,195,1324
A,195,187,1324
A,187,1323,1324
A,187,1322,1323
A,187,179,1322
A,179,171,1322
A,171,1321,1322
A,171,163,1321
A,163,1320,1321
A,163,155,1320
A,155,1319,1320
A,155,1318,1319
A,155,138,1318
A,155,147,138


!PLANE2
!Keypoint
k,21.0,0.07816854119,-2.803366899,0.0009537650039
k,22.0,0.01591101103,-2.318764687,-0.001791866962
k,23.0,-0.04394178092,2.749711514,0.04512957484
k,24.0,0.09078839421,3.271123171,0.01716237143
k,25.0,0.033868823199999995,-1.790575504,0.01286849193
k,26.0,0.04622162879,-1.281439781,0.005182329564999999
k,27.0,0.06648340076,-0.8487614989,-0.001153674675
k,28.0,0.06915573031000001,-0.3675725758,0.001095871674
k,29.0,0.05227049813,0.0347668156,2.369231152e-05
k,210.0,0.03759115189,0.6987864971,0.005058716517
k,211.0,0.005836847238,1.060009599,0.0013407355869999998
k,212.0,0.5310275554999999,-2.8691117760000004,0.016818799080000002
k,213.0,0.501460731,-2.259472132,0.01772472821
k,214.0,0.3962834775,2.116264105,0.04215091839
k,215.0,0.3950212896,2.662917376,0.05542723835
k,216.0,0.3292316198,3.162970543,0.04775371403
k,217.0,0.4324606061,-1.7335779669999998,0.0248768907
k,218.0,0.4992107451,-1.41458571,0.02345329337
k,219.0,0.4741706252,-0.8341811298999999,0.020231781530000003
k,220.0,0.4984275103,-0.30558502670000004,0.01952296309
k,221.0,0.4595578015,0.04985062778,0.02082146518
k,222.0,0.4964792132,0.6150103807,0.01996064931
k,223.0,0.4570678771,1.230204701,0.01372595504
k,224.0,0.5201554894,1.481652737,0.03559587896
k,225.0,5.130113125,-2.249889135,0.0251381807
k,226.0,5.1551256180000005,-1.601065636,0.02165860496
k,227.0,5.079246998,2.764475346,0.05032848939
k,228.0,5.153394699,-1.073059201,0.020998023450000004
k,229.0,5.154350281,-0.6801531315,0.02009893022
k,230.0,5.153567791,-0.1857997775,0.01830353215
k,231.0,5.147544861,0.2993268073,0.0215075314
k,232.0,5.136834145,0.7003070712,0.02281074412
k,233.0,5.134492397,1.299161673,0.0209418647
k,234.0,5.138602257,1.874401927,0.01707854494
k,235.0,5.092672348,2.221207142,0.03793527931
k,236.0,5.475969791,-2.252169132,0.02353922836
k,237.0,5.472741127000001,-1.6785758730000002,0.02098613232
k,238.0,5.441266537000001,2.666302919,0.04089289904
k,239.0,5.388251305,3.081442356,0.04182292894
k,240.0,5.457386971,-1.406328559,0.02110444568
k,241.0,5.470143318,-0.8238921762,0.01912365668
k,242.0,5.470879555,-0.3616493642000001,0.01838814467
k,243.0,5.458260536,0.06077340990000001,0.01807142422
k,244.0,5.465609074,0.5793467760000001,0.01938387007
k,245.0,5.469724655,1.139612317,0.01624653116
k,246.0,5.479491234,1.478694201,0.027544179930000003
k,247.0,5.499900818,2.116546631,0.02826348506
k,248.0,5.983759403,-2.289387226,0.02334491909
k,249.0,5.975211142999999,-1.864171743,0.02515189908
k,250.0,5.9827394489999985,2.5958428380000003,0.03328699619
k,251.0,5.971485137999999,3.11430335,0.02232990041
k,252.0,5.960519314,-1.483780265,0.02097993344
k,253.0,5.968426704,-0.8996752501,0.02058131807
k,254.0,5.9815430639999985,-0.419901222,0.01861780323
k,255.0,5.97422123,0.04515134916,0.02011968754
k,256.0,5.996110439,0.5776298046,0.01977576502
k,257.0,5.980083942,1.25411129,0.016070472080000002
k,258.0,5.9647378920000005,1.405785441,0.02242453955
k,259.0,5.971333027000001,2.048381329,0.02086518891
k,260.0,6.505100727,-2.127914667,0.02724473923
k,261.0,6.484008789,-1.49897182,0.02066741884
k,262.0,6.401592255,2.957251072,0.04252227396000001
k,263.0,6.467726707000001,-0.9625601768,0.02035458386
k,264.0,6.4620823860000005,-0.5252537727000001,0.01932361349
k,265.0,6.493221283,-0.1166647896,0.01925946772
k,266.0,6.483177662,0.5570454597,0.01715408824
k,267.0,6.5091371539999985,0.9501256943,0.020503360780000004
k,268.0,6.453405857000001,1.35099411,0.01894870773
k,269.0,6.450050354,2.070035219,0.02193755284
k,270.0,6.534461021,2.407024384,0.01898433268
k,271.0,6.9513187410000015,-2.254021406,0.02331162617
k,272.0,6.984608173,-1.623769522,0.02239741385
k,273.0,6.985527039,2.794916868,0.0385311842
k,274.0,6.954517841,-1.157325387,0.02168869041
k,275.0,6.96743536,-0.6830336452,0.01908110641
k,276.0,6.988138676,-0.13887800279999998,0.0176611077
k,277.0,7.003378391,0.3827991188,0.01929645799
k,278.0,6.985022067999999,0.7020301223000001,0.02191403136
k,279.0,6.960257052999999,1.356541038,0.01957988925
k,280.0,6.960385799,1.976194263,0.01378804259
k,281.0,6.987147331,2.263205051,0.02824570797
k,282.0,7.471031189,-2.252655506,0.0232920181
k,283.0,7.498626709,-1.541796207,0.02039412782
k,284.0,7.539351462999999,2.769863605,0.04293308407
k,285.0,7.474586487000001,3.118834019,0.02529685572
k,286.0,7.480875015,-1.131605744,0.02075183392
k,287.0,7.498730182999999,-0.6521172523,0.02005511709
k,288.0,7.460547447000001,-0.1524940282,0.018005333840000002
k,289.0,7.453213692,0.3885501325,0.01765469089
k,290.0,7.502082825,0.5827727318,0.02308346331
k,291.0,7.4767894739999985,1.308134317,0.02201437019
k,292.0,7.496676445,2.050673962,0.01502072345
k,293.0,7.446146965,2.158775091,0.034443601969999994
k,294.0,8.018957138,-2.249966145,0.02206988633
k,295.0,7.987795352999999,-1.598307133,0.02258710749
k,296.0,7.987118721,2.840761185,0.04837045074
k,297.0,7.976574897999999,-1.110576391,0.02277000621
k,298.0,7.987174034,-0.6419594884000001,0.02066357248
k,299.0,7.994200706,-0.1594664603,0.01975221932
k,2100.0,7.99030304,0.3605099618,0.01930069551
k,2101.0,8.01581192,0.7451525331000001,0.02874182537
k,2102.0,7.959866524,1.336696625,0.01857575774
k,2103.0,8.027551651,2.04080534,0.01519413665
k,2104.0,7.921890258999999,2.115546465,0.03864484653
k,2105.0,8.399093628,-2.2952558990000003,0.02747216448
k,2106.0,8.460074425,-1.619711518,0.02388988063
k,2107.0,8.467796326,2.706087589,0.01992288232
k,2108.0,8.454658508,-1.037960768,0.02624893747
k,2109.0,8.503348351,-0.7256636023999999,0.02284100279
k,2110.0,8.425489426,-0.13445961480000002,0.02169549093
k,2111.0,8.496860503999999,0.3317762315,0.02135456353
k,2112.0,8.423787117,0.7136819363,0.02340480499
k,2113.0,8.460716247999999,1.2489335540000002,0.02214086801
k,2114.0,8.491399765,1.925718665,0.02033782005
k,2115.0,8.41365242,2.271884441,0.03462863341
k,2116.0,8.979735374,-2.359579563,0.02318696305
k,2117.0,8.979388237,-1.680384278,0.02114898153
k,2118.0,8.991183281,2.719285965,0.01873491146
k,2119.0,8.996434212,-1.0091247559999998,0.02321206778
k,2120.0,8.951398849,-0.7059153914,0.02113624848
k,2121.0,8.998650551,-0.1969944835,0.01875501685
k,2122.0,9.025503159,0.2908149064,0.0188625399
k,2123.0,8.986120224,0.8159548640000001,0.0221567899
k,2124.0,8.978192329,1.219794393,0.01855210774
k,2125.0,8.962656021,1.973395109,0.015509804709999997
k,2126.0,8.973385811,2.112152576,0.03357321769
k,2127.0,9.491658211,-2.277351379,0.02134386078
k,2128.0,9.477066994,-1.6067430969999998,0.02078364417
k,2129.0,9.491453171,2.729084492,0.02353665605
k,2130.0,9.522828102,-1.079393268,0.0218002107
k,2131.0,9.47945118,-0.7049890161,0.02036547102
k,2132.0,9.489370346,-0.179420799,0.01826635748
k,2133.0,9.528169632000001,0.3797144294,0.01769389212
k,2134.0,9.527298927,0.7000455856000001,0.01905121282
k,2135.0,9.497073174,1.297312617,0.01773390733
k,2136.0,9.481223106,1.94805181,0.01585117355
k,2137.0,9.393654823,2.1125276090000003,0.03173125163
k,2138.0,0.9785612226,-2.70469451,0.002576180268
k,2139.0,1.000094295,-2.279307604,0.02064647526
k,2140.0,0.953589201,2.113016367,0.03565468639
k,2141.0,1.01164937,2.800112963,0.04914862663
k,2142.0,1.024335146,3.109272242,0.03102254868
k,2143.0,1.041067004,-1.621437073,0.016643062230000002
k,2144.0,1.010875821,-1.214679956,0.015597458
k,2145.0,1.004909635,-0.757597506,0.014414967969999996
k,2146.0,0.9755634069,-0.1950324029,0.01389996149
k,2147.0,1.013661623,0.2324894071,0.01774062961
k,2148.0,0.9827710986,0.6710728407,0.01792743988
k,2149.0,0.9773384929,1.333078742,0.016733216119999998
k,2150.0,1.03907299,1.697509646,0.01454397477
k,2151.0,9.832224846,-2.341005802,0.02076399326
k,2152.0,9.994638443,-1.635618091,0.02000735328
k,2153.0,9.859462738,2.712792873,0.021681558340000004
k,2154.0,9.994683266000001,-0.9932589531,0.02136297338
k,2155.0,10.00201607,-0.657035768,0.02092209272
k,2156.0,9.971078873,-0.1691071391,0.01903403364
k,2157.0,9.976169586000001,0.3229564428,0.01849141344
k,2158.0,10.001012800000002,0.7797665,0.02067523077
k,2159.0,9.994942665,1.288597226,0.017451539640000003
k,2160.0,9.970329285,1.945318341,0.01610784233
k,2161.0,10.07953739,2.114594936,0.03313355893
k,2162.0,10.49825478,-2.347972155,0.02218836546
k,2163.0,10.47464657,-1.604910851,0.02083358169
k,2164.0,10.53872108,2.716034889,0.02175768837
k,2165.0,10.52861214,-1.055706739,0.02153222077
k,2166.0,10.51198387,-0.6836394071999999,0.01989869401
k,2167.0,10.46791553,-0.170313254,0.01968887262
k,2168.0,10.50844955,0.3659439981,0.01967635751
k,2169.0,10.51527309,0.8201199770000001,0.01964603364
k,2170.0,10.48385811,1.235388756,0.01880818419
k,2171.0,10.53094006,1.94021225,0.0163506642
k,2172.0,10.37479496,2.1100952630000003,0.02720778063
k,2173.0,11.03715134,-2.336927652,0.02360658534
k,2174.0,11.04590702,-1.604629755,0.02226531692
k,2175.0,10.99452305,2.705802917,0.01927595399
k,2176.0,10.9933672,-1.042299271,0.02132205665
k,2177.0,10.97842884,-0.6813400387999999,0.020502422
k,2178.0,10.99704933,-0.1637017876,0.0186401885
k,2179.0,11.01904297,0.3563029766,0.01811048202
k,2180.0,10.99449253,0.778806448,0.01805872098
k,2181.0,10.99091625,1.241628289,0.01811476424
k,2182.0,10.99581337,1.871937513,0.01758032292
k,2183.0,11.04141045,2.231342316,0.02507266589
k,2184.0,11.57202053,-2.50047946,0.021464282650000003
k,2185.0,11.53421688,-2.025141239,0.02070301399
k,2186.0,11.52226162,2.420175791,0.01515606605
k,2187.0,11.56276131,2.815763474,0.018610335890000003
k,2188.0,11.49325752,-1.5282614230000002,0.02012699284
k,2189.0,11.52917862,-0.9881898761,0.01829605922
k,2190.0,11.50617027,-0.4926342368,0.01843830943
k,2191.0,11.5085516,0.005122023635,0.0165097788
k,2192.0,11.50310421,0.4672726989,0.01482302696
k,2193.0,11.5228281,0.9751890898,0.01661404409
k,2194.0,11.52078724,1.4149713519999998,0.017039241269999998
k,2195.0,11.49239922,1.832447529,0.017688801509999998
k,2196.0,11.80704117,-2.831754684,0.02604174986
k,2197.0,11.9109354,-2.288565159,0.01999169774
k,2198.0,11.88183403,2.152972221,0.0143038854
k,2199.0,11.82323837,2.5561146740000003,0.01371267065
k,2200.0,11.92342758,3.078989029,0.01664388366
k,2201.0,11.87396526,-1.77020061,0.01951166429
k,2202.0,11.87967968,-1.285910845,0.017098400740000002
k,2203.0,11.83551502,-0.82074368,0.018115647140000003
k,2204.0,11.8404274,-0.3053708076,0.016141442580000002
k,2205.0,11.83360767,0.1152596176,0.01495349314
k,2206.0,11.852808,0.6820690631999999,0.01463178638
k,2207.0,11.82621193,1.108782172,0.016010109340000002
k,2208.0,11.85488605,1.510137081,0.01591225155
k,2209.0,12.45729351,-2.940866947,0.027092808860000005
k,2210.0,12.52708721,-2.304780245,0.02328334749
k,2211.0,12.52025414,1.999004483,0.01823682524
k,2212.0,12.50949383,2.666141987,0.01791187748
k,2213.0,12.48093128,3.324012041,0.02617741749
k,2214.0,12.54878235,-1.6655848030000002,0.02210716531
k,2215.0,12.50626278,-1.273789644,0.02132127807
k,2216.0,12.49158382,-0.9547621608,0.02002907358
k,2217.0,12.40866566,-0.3718031645,0.02458335459
k,2218.0,12.38430023,0.2015899271,0.02303538099
k,2219.0,12.29211044,0.7038732171,0.02040541172
k,2220.0,12.46882439,1.3517105580000002,0.01620500535
k,2221.0,12.4973135,1.781734467,0.016444856299999998
k,2222.0,13.00213242,-2.284065485,0.02433205582
k,2223.0,12.98757172,-1.569371343,0.02149778605
k,2224.0,13.00991249,2.677923679,0.01700025052
k,2225.0,12.99618149,-1.026583433,0.02090812847
k,2226.0,12.99296665,-0.4881798625,0.02533360384
k,2227.0,13.01690388,1.443867564,0.01943138614
k,2228.0,12.99824047,1.920232654,0.01556920167
k,2229.0,12.96784592,2.065929413,0.02152200602
k,2230.0,13.49452591,-2.292272329,0.02496490255
k,2231.0,13.47964382,-1.583630562,0.02206306159
k,2232.0,13.53186417,2.660748959,0.019448993730000003
k,2233.0,13.46753597,-1.006632566,0.02182787471
k,2234.0,13.60745621,-0.7930883168999999,0.02139503881
k,2235.0,13.51915646,0.1594442874,0.02065033093
k,2236.0,13.62599945,1.052835941,0.02100607753
k,2237.0,13.52926922,1.3659271000000002,0.01839675568
k,2238.0,13.47704029,1.901128173,0.01667165756
k,2239.0,13.46538448,2.4823246,0.01864297315
k,2240.0,13.93420696,-2.260250807,0.024472313
k,2241.0,13.98721886,-1.567635775,0.02238989249
k,2242.0,13.98647499,2.59922266,0.01971424371
k,2243.0,13.96033669,-0.9983920455,0.02152820863
k,2244.0,13.9765892,-0.6867177486,0.02186777256
k,2245.0,14.13077164,-0.1758840531,0.02135015652
k,2246.0,14.15852737,0.3733153641,0.01820514537
k,2247.0,14.05932045,0.8758200407,0.018134022130000003
k,2248.0,13.97031879,1.269372225,0.01731455885
k,2249.0,13.98091316,1.890290856,0.01701036096
k,2250.0,13.97617722,2.3282556530000003,0.02028486691
k,2251.0,14.48293877,-1.554983139,0.02290515043
k,2252.0,14.44439411,-0.9360308051,0.02209249325
k,2253.0,14.45266533,-0.4068606496,0.02264150605
k,2254.0,14.47725582,-0.01674813591,0.0210340023
k,2255.0,14.46091175,0.4979709983,0.01734157652
k,2256.0,14.48423958,1.022572756,0.01878665574
k,2257.0,14.46609211,1.338774443,0.01857206225
k,2258.0,14.46221256,1.90471077,0.01822945289
k,2259.0,14.52642727,2.653132915,0.01792519726
k,2260.0,14.64216805,2.775094986,0.029963186010000007
k,2261.0,1.378612041,-2.706812859,0.0054755969900000005
k,2262.0,1.510973811,-2.253597975,0.02017739043
k,2263.0,1.4949936869999998,2.111577511,0.04587215558
k,2264.0,1.483796239,2.804917812,0.05978542566000001
k,2265.0,1.381174326,2.081135035,0.01783371344
k,2266.0,1.497342587,-1.5913012030000002,0.01619370095
k,2267.0,1.516593575,-1.134994984,0.01571235247
k,2268.0,1.504294038,-0.6975354551999999,0.01496045291
k,2269.0,1.496228933,-0.1730176359,0.01448603533
k,2270.0,1.511143565,0.3758315742,0.01641238481
k,2271.0,1.524572611,0.7206012011,0.01960942522
k,2272.0,1.492063761,1.339546561,0.015736602250000002
k,2273.0,1.543484569,1.7324968580000002,0.01915059425
k,2274.0,14.95378876,-1.533111095,0.02350759692
k,2275.0,14.96916294,-0.8710925579000001,0.02209019475
k,2276.0,14.96911526,-0.3065908849,0.02191717736
k,2277.0,14.99298477,0.07824616879,0.02112103999
k,2278.0,14.98527622,0.5773648024,0.01781402156
k,2279.0,14.98050117,1.11592257,0.01893095858
k,2280.0,14.95899868,1.499655724,0.01970065944
k,2281.0,14.97402859,1.976141572,0.01967093907
k,2282.0,15.00718307,2.581304312,0.01906176284
k,2283.0,15.43317699,-1.546991229,0.02294608206
k,2284.0,15.39400387,-0.8663929105,0.022437229750000003
k,2285.0,15.46360302,-0.2979819179,0.02246346697
k,2286.0,15.48008919,0.110920012,0.02118116245
k,2287.0,15.45231342,0.5800914764,0.01808795519
k,2288.0,15.48434162,1.09852469,0.01941237226
k,2289.0,15.48881435,1.515123606,0.01951459423
k,2290.0,15.46054554,1.872260571,0.02007192001
k,2291.0,15.4425478,2.612256289,0.02081820741
k,2292.0,15.79493618,-1.038007975,0.02194718271
k,2293.0,15.97029591,-0.2480931282,0.02253880724
k,2294.0,15.97544003,0.2539229095,0.02079655789
k,2295.0,15.95702171,0.6375010014,0.02116475627
k,2296.0,15.96550274,1.202820182,0.02026984841
k,2297.0,15.96120358,1.769100308,0.01963629946
k,2298.0,16.0248642,1.996199012,0.01970392466
k,2299.0,15.9546957,2.559032202,0.02156198025
k,2300.0,16.26690483,-0.2293442339,0.02196993679
k,2301.0,16.31798363,0.3615020216,0.02153862454
k,2302.0,16.26663208,0.8928588629,0.02140592411
k,2303.0,16.27802658,1.264200926,0.02181878686
k,2304.0,16.29076385,1.916382074,0.02292401344
k,2305.0,16.26255608,2.621995449,0.02223024704
k,2306.0,16.29413033,2.684285402,0.02743033879
k,2307.0,17.01880264,0.986782968,0.02234620228
k,2308.0,17.02091217,1.774172783,0.021463330840000003
k,2309.0,17.06591034,2.5777039530000003,0.020994678140000004
k,2310.0,1.962216496,-2.232025862,0.02033163607
k,2311.0,2.030589581,-1.600905895,0.01967651211
k,2312.0,1.91392231,2.794953823,0.05568874255
k,2313.0,1.899221659,1.175935388,0.014649389309999997
k,2314.0,2.00261569,-1.108388543,0.01697794721
k,2315.0,2.002098322,-0.6688051224,0.015379766
k,2316.0,2.017677069,-0.1705997884,0.01499518938
k,2317.0,2.016106844,0.3761018813000001,0.01645620726
k,2318.0,1.991865516,0.7543648481,0.02251904272
k,2319.0,1.989514232,1.310354471,0.01824984886
k,2320.0,2.0267612930000003,1.889723778,0.01977126673
k,2321.0,2.031177282,2.232530832,0.0315736644
k,2322.0,2.50769043,-2.689862728,0.01990554854
k,2323.0,2.502053261,-2.264801741,0.02247838862
k,2324.0,2.521661758,2.177973509,0.02952935174
k,2325.0,2.408940077,2.753556728,0.05776485056
k,2326.0,2.544806004,3.116612673,0.0262811631
k,2327.0,2.493619919,-1.63696754,0.01974038593
k,2328.0,2.461372375,-1.296770692,0.01678957045
k,2329.0,2.300869703,-0.7662814259999999,0.015258140859999996
k,2330.0,2.311505795,-0.1630600095,0.014487349430000003
k,2331.0,2.418207407,0.3302684724,0.01815545931
k,2332.0,2.487071991,0.6965674758,0.02079640515
k,2333.0,2.503433943,1.347467899,0.01637871936
k,2334.0,2.485649109,1.823804975,0.02344551496
k,2335.0,2.992645502,-2.301881313,0.02236452326
k,2336.0,2.963035822,-1.810650826,0.02298451588
k,2337.0,3.007539749,2.621809721,0.03760295361
k,2338.0,3.0381906030000003,3.107925177,0.0308871977
k,2339.0,2.8912656310000004,-1.567911267,0.01641458832
k,2340.0,3.001244068,0.1422355622,0.02008295618
k,2341.0,2.886300802,0.7084256411,0.02310934849
k,2342.0,3.0072577000000003,1.239556313,0.016977390269999997
k,2343.0,3.008181095,1.474107265,0.02352130972
k,2344.0,3.00120306,2.099015236,0.02692005225
k,2345.0,3.487083435,-2.301917553,0.02206520364
k,2346.0,3.479246616,-1.885429621,0.02522178739
k,2347.0,3.499111891,2.534224987,0.033499695360000005
k,2348.0,3.509542942,3.124789476,0.02351452038
k,2349.0,3.550404787,-1.658703923,0.0262064971
k,2350.0,3.469084978,0.1447120309,0.02357878163
k,2351.0,3.546320438,0.7668969035,0.03127619624
k,2352.0,3.484953403,1.2325719590000002,0.01652832329
k,2353.0,3.503761292,1.465034723,0.02290832065
k,2354.0,3.507830381,2.087644577,0.027950016780000003
k,2355.0,4.05988121,-2.89276433,0.02454063296
k,2356.0,3.987807035,-2.26442337,0.02096287534
k,2357.0,3.997514248,2.122901201,0.03024999611
k,2358.0,3.982886553,2.766961575,0.05266819522
k,2359.0,4.005813122,3.107141495,0.028694245960000007
k,2360.0,4.019224644,-1.705397964,0.0233782623
k,2361.0,4.185919762,-1.411501527,0.02219971642
k,2362.0,4.052539349,0.1982719153,0.01987630315
k,2363.0,4.016971111,0.7042824626,0.02083163522
k,2364.0,3.986170292,1.334594965,0.01891291514
k,2365.0,4.0147686,1.687653422,0.02426402457
k,2366.0,4.3954005239999985,-2.303517103,0.02311903611
k,2367.0,4.353580952,-1.603114724,0.02351632714
k,2368.0,4.417933464,2.718548298,0.03213202953
k,2369.0,4.419266223999999,-1.119351149,0.02989123017
k,2370.0,4.450760841,-0.6972718834999999,0.02602619119
k,2371.0,4.523941517,-0.1614973396,0.021793812510000003
k,2372.0,4.41621542,0.3705420792,0.021143423390000003
k,2373.0,4.374899387,0.803424716,0.02571965382
k,2374.0,4.39329958,1.332423449,0.0230642911
k,2375.0,4.443639755,1.938201666,0.02496279962
k,2376.0,4.38340807,2.179756165,0.04966767877
k,2377.0,0.0,-3.0447416310000004,0.01966358908
k,2378.0,0.5,-3.0447416310000004,0.01966358908
k,2379.0,1.0,-3.0447416310000004,0.01966358908
k,2380.0,1.5,-3.0447416310000004,0.01966358908
k,2381.0,2.0,-3.0447416310000004,0.01966358908
k,2382.0,2.5,-3.0447416310000004,0.01966358908
k,2383.0,3.0,-3.0447416310000004,0.01966358908
k,2384.0,3.5,-3.0447416310000004,0.01966358908
k,2385.0,4.0,-3.0447416310000004,0.01966358908
k,2386.0,4.5,-3.0447416310000004,0.01966358908
k,2387.0,5.0,-3.0447416310000004,0.01966358908
k,2388.0,5.5,-3.0447416310000004,0.01966358908
k,2389.0,6.0,-3.0447416310000004,0.01966358908
k,2390.0,6.5,-3.0447416310000004,0.01966358908
k,2391.0,7.0,-3.0447416310000004,0.01966358908
k,2392.0,7.5,-3.0447416310000004,0.01966358908
k,2393.0,8.0,-3.0447416310000004,0.01966358908
k,2394.0,8.5,-3.0447416310000004,0.01966358908
k,2395.0,9.0,-3.0447416310000004,0.01966358908
k,2396.0,9.5,-3.0447416310000004,0.01966358908
k,2397.0,10.0,-3.0447416310000004,0.01966358908
k,2398.0,10.5,-3.0447416310000004,0.01966358908
k,2399.0,11.0,-3.0447416310000004,0.01966358908
k,2400.0,11.5,-3.0447416310000004,0.01966358908
k,2401.0,12.0,-3.0447416310000004,0.01966358908
k,2402.0,12.5,-3.0447416310000004,0.01966358908
k,2403.0,13.0,-3.0447416310000004,0.01966358908
k,2404.0,13.5,-3.0447416310000004,0.01966358908
k,2405.0,14.0,-3.0447416310000004,0.01966358908
k,2406.0,14.5,-3.0447416310000004,0.01966358908
k,2407.0,15.0,-3.0447416310000004,0.01966358908
k,2408.0,15.5,-3.0447416310000004,0.01966358908
k,2409.0,16.0,-3.0447416310000004,0.01966358908
k,2410.0,16.5,-3.0447416310000004,0.01966358908
k,2411.0,17.0,-3.0447416310000004,0.01966358908
k,2412.0,0.0,3.409006357,0.01966358908
k,2413.0,0.5,3.409006357,0.01966358908
k,2414.0,1.0,3.409006357,0.01966358908
k,2415.0,1.5,3.409006357,0.01966358908
k,2416.0,2.0,3.409006357,0.01966358908
k,2417.0,2.5,3.409006357,0.01966358908
k,2418.0,3.0,3.409006357,0.01966358908
k,2419.0,3.5,3.409006357,0.01966358908
k,2420.0,4.0,3.409006357,0.01966358908
k,2421.0,4.5,3.409006357,0.01966358908
k,2422.0,5.0,3.409006357,0.01966358908
k,2423.0,5.5,3.409006357,0.01966358908
k,2424.0,6.0,3.409006357,0.01966358908
k,2425.0,6.5,3.409006357,0.01966358908
k,2426.0,7.0,3.409006357,0.01966358908
k,2427.0,7.5,3.409006357,0.01966358908
k,2428.0,8.0,3.409006357,0.01966358908
k,2429.0,8.5,3.409006357,0.01966358908
k,2430.0,9.0,3.409006357,0.01966358908
k,2431.0,9.5,3.409006357,0.01966358908
k,2432.0,10.0,3.409006357,0.01966358908
k,2433.0,10.5,3.409006357,0.01966358908
k,2434.0,11.0,3.409006357,0.01966358908
k,2435.0,11.5,3.409006357,0.01966358908
k,2436.0,12.0,3.409006357,0.01966358908
k,2437.0,12.5,3.409006357,0.01966358908
k,2438.0,13.0,3.409006357,0.01966358908
k,2439.0,13.5,3.409006357,0.01966358908
k,2440.0,14.0,3.409006357,0.01966358908
k,2441.0,14.5,3.409006357,0.01966358908
k,2442.0,15.0,3.409006357,0.01966358908
k,2443.0,15.5,3.409006357,0.01966358908
k,2444.0,16.0,3.409006357,0.01966358908
k,2445.0,16.5,3.409006357,0.01966358908
k,2446.0,17.0,3.409006357,0.01966358908


!Modeling (AREA)
A,226,237,240
A,2263,2265,2273
A,2297,2304,2298
A,2360,2367,2361
A,226,225,237
A,225,236,237
A,236,249,237
A,249,252,237
A,252,240,237
A,252,253,240
A,253,241,240
A,241,228,240
A,228,226,240
A,228,2369,226
A,2369,2367,226
A,2369,2361,2367
A,228,2370,2369
A,228,229,2370
A,229,2371,2370
A,229,230,2371
A,230,231,2371
A,231,2372,2371
A,2372,2362,2371
A,2372,2363,2362
A,2363,2351,2362
A,2351,2350,2362
A,2351,2341,2350
A,2341,2340,2350
A,2341,2331,2340
A,2331,2330,2340
A,2331,2317,2330
A,2317,2316,2330
A,2316,2315,2330
A,2315,2329,2330
A,2315,2314,2329
A,2314,2328,2329
A,2314,2311,2328
A,2311,2327,2328
A,2327,2339,2328
A,2327,2336,2339
A,2336,2349,2339
A,2336,2346,2349
A,2346,2360,2349
A,2360,2361,2349
A,2346,2356,2360
A,2356,2366,2360
A,2366,2367,2360
A,2356,2355,2366
A,2355,2386,2366
A,2386,2387,2366
A,2387,225,2366
A,2387,2388,225
A,2388,236,225
A,2388,248,236
A,248,249,236
A,248,260,249
A,260,261,249
A,261,252,249
A,261,263,252
A,263,253,252
A,263,264,253
A,264,254,253
A,254,241,253
A,254,242,241
A,242,229,241
A,229,228,241
A,242,230,229
A,242,243,230
A,243,231,230
A,243,244,231
A,244,232,231
A,232,2372,231
A,232,2373,2372
A,2373,2363,2372
A,2373,2364,2363
A,2364,2351,2363
A,2364,2352,2351
A,2352,2342,2351
A,2342,2341,2351
A,2342,2333,2341
A,2333,2332,2341
A,2332,2331,2341
A,2332,2317,2331
A,2332,2318,2317
A,2318,2271,2317
A,2271,2270,2317
A,2270,2316,2317
A,2270,2269,2316
A,2269,2315,2316
A,2269,2268,2315
A,2268,2314,2315
A,2268,2267,2314
A,2267,2311,2314
A,2267,2266,2311
A,2266,2310,2311
A,2310,2327,2311
A,2310,2323,2327
A,2323,2336,2327
A,2323,2335,2336
A,2335,2346,2336
A,2335,2345,2346
A,2345,2356,2346
A,2345,2355,2356
A,2345,2384,2355
A,2384,2385,2355
A,2385,2386,2355
A,2345,2383,2384
A,2345,2335,2383
A,2335,2322,2383
A,2322,2382,2383
A,2322,2381,2382
A,2322,2310,2381
A,2310,2261,2381
A,2261,2380,2381
A,2261,2379,2380
A,2261,2138,2379
A,2138,212,2379
A,212,2378,2379
A,212,21,2378
A,21,2377,2378
A,212,213,21
A,213,22,21
A,213,25,22
A,213,217,25
A,217,26,25
A,217,218,26
A,218,219,26
A,219,27,26
A,219,28,27
A,219,220,28
A,220,29,28
A,220,221,29
A,221,222,29
A,222,210,29
A,222,211,210
A,222,223,211
A,223,224,211
A,223,2149,224
A,2149,2150,224
A,2150,2140,224
A,2140,214,224
A,2140,215,214
A,215,23,214
A,215,216,23
A,216,24,23
A,24,2412,23
A,24,2413,2412
A,24,216,2413
A,216,2142,2413
A,2142,2414,2413
A,2142,2415,2414
A,2142,2264,2415
A,2264,2312,2415
A,2312,2416,2415
A,2312,2326,2416
A,2326,2417,2416
A,2326,2418,2417
A,2326,2338,2418
A,2338,2419,2418
A,2338,2348,2419
A,2348,2420,2419
A,2348,2359,2420
A,2359,2421,2420
A,2359,2368,2421
A,2368,227,2421
A,227,2422,2421
A,227,239,2422
A,239,2423,2422
A,239,251,2423
A,251,2424,2423
A,251,262,2424
A,262,2425,2424
A,262,2426,2425
A,262,273,2426
A,273,285,2426
A,285,2427,2426
A,285,2428,2427
A,285,296,2428
A,296,2429,2428
A,296,2107,2429
A,2107,2118,2429
A,2118,2430,2429
A,2118,2129,2430
A,2129,2431,2430
A,2129,2153,2431
A,2153,2432,2431
A,2153,2164,2432
A,2164,2433,2432
A,2164,2434,2433
A,2164,2175,2434
A,2175,2187,2434
A,2187,2435,2434
A,2187,2200,2435
A,2200,2436,2435
A,2200,2213,2436
A,2213,2437,2436
A,2213,2438,2437
A,2213,2224,2438
A,2224,2439,2438
A,2224,2232,2439
A,2232,2440,2439
A,2232,2242,2440
A,2242,2259,2440
A,2259,2260,2440
A,2260,2441,2440
A,2260,2442,2441
A,2260,2282,2442
A,2282,2291,2442
A,2291,2443,2442
A,2291,2299,2443
A,2299,2444,2443
A,2299,2306,2444
A,2306,2445,2444
A,2299,2305,2306
A,2305,2309,2306
A,2299,2298,2305
A,2298,2304,2305
A,2299,2290,2298
A,2290,2297,2298
A,2290,2289,2297
A,2289,2296,2297
A,2296,2303,2297
A,2303,2304,2297
A,2303,2308,2304
A,2303,2307,2308
A,2303,2302,2307
A,2302,2301,2307
A,2302,2295,2301
A,2295,2294,2301
A,2294,2300,2301
A,2294,2293,2300
A,2293,2292,2300
A,2293,2285,2292
A,2285,2284,2292
A,2284,2283,2292
A,2284,2274,2283
A,2284,2275,2274
A,2275,2252,2274
A,2252,2251,2274
A,2252,2243,2251
A,2243,2241,2251
A,2241,2240,2251
A,2241,2231,2240
A,2231,2230,2240
A,2230,2404,2240
A,2404,2405,2240
A,2405,2406,2240
A,2230,2403,2404
A,2230,2222,2403
A,2222,2209,2403
A,2209,2402,2403
A,2209,2401,2402
A,2209,2196,2401
A,2196,2400,2401
A,2196,2184,2400
A,2184,2399,2400
A,2184,2173,2399
A,2173,2162,2399
A,2162,2398,2399
A,2162,2397,2398
A,2162,2151,2397
A,2151,2396,2397
A,2151,2127,2396
A,2127,2116,2396
A,2116,2395,2396
A,2116,2394,2395
A,2116,2105,2394
A,2105,2393,2394
A,2105,294,2393
A,294,2392,2393
A,294,282,2392
A,282,2391,2392
A,282,271,2391
A,271,2390,2391
A,271,260,2390
A,260,248,2390
A,248,2389,2390
A,248,2388,2389
A,271,272,260
A,272,261,260
A,272,274,261
A,274,263,261
A,274,275,263
A,275,264,263
A,275,276,264
A,276,265,264
A,265,254,264
A,265,255,254
A,255,242,254
A,255,243,242
A,255,244,243
A,255,256,244
A,256,245,244
A,245,232,244
A,245,233,232
A,233,2373,232
A,233,2374,2373
A,2374,2364,2373
A,2374,2365,2364
A,2365,2353,2364
A,2353,2352,2364
A,2353,2343,2352
A,2343,2342,2352
A,2343,2333,2342
A,2343,2334,2333
A,2334,2319,2333
A,2319,2318,2333
A,2318,2332,2333
A,2319,2313,2318
A,2313,2271,2318
A,2313,2272,2271
A,2272,2149,2271
A,2149,2148,2271
A,2148,2270,2271
A,2148,2147,2270
A,2147,2269,2270
A,2147,2146,2269
A,2146,2268,2269
A,2146,2145,2268
A,2145,2267,2268
A,2145,2144,2267
A,2144,2266,2267
A,2144,2143,2266
A,2143,2262,2266
A,2262,2310,2266
A,2262,2261,2310
A,2262,2139,2261
A,2139,2138,2261
A,2139,213,2138
A,213,212,2138
A,2139,217,213
A,2139,2143,217
A,2143,218,217
A,2143,2144,218
A,2144,219,218
A,2144,2145,219
A,2145,220,219
A,2145,2146,220
A,2146,221,220
A,2146,2147,221
A,2147,222,221
A,2147,2148,222
A,2148,223,222
A,2148,2149,223
A,2139,2262,2143
A,2272,2150,2149
A,2272,2273,2150
A,2273,2265,2150
A,2265,2140,2150
A,2265,2141,2140
A,2141,215,2140
A,2141,216,215
A,2141,2142,216
A,2141,2264,2142
A,2141,2265,2264
A,2265,2263,2264
A,2263,2312,2264
A,2263,2321,2312
A,2321,2325,2312
A,2325,2326,2312
A,2325,2337,2326
A,2337,2338,2326
A,2337,2348,2338
A,2337,2347,2348
A,2347,2358,2348
A,2358,2359,2348
A,2358,2368,2359
A,2358,2376,2368
A,2376,235,2368
A,235,227,2368
A,235,238,227
A,238,239,227
A,238,251,239
A,238,250,251
A,250,262,251
A,250,270,262
A,270,273,262
A,270,281,273
A,281,284,273
A,284,285,273
A,284,296,285
A,284,2104,296
A,2104,2115,296
A,2115,2107,296
A,2115,2118,2107
A,2115,2126,2118
A,2126,2137,2118
A,2137,2129,2118
A,2137,2153,2129
A,2137,2161,2153
A,2161,2164,2153
A,2161,2172,2164
A,2172,2183,2164
A,2183,2175,2164
A,2183,2186,2175
A,2186,2187,2175
A,2186,2199,2187
A,2199,2200,2187
A,2199,2212,2200
A,2212,2213,2200
A,2212,2224,2213
A,2212,2229,2224
A,2229,2239,2224
A,2239,2232,2224
A,2239,2242,2232
A,2239,2250,2242
A,2250,2259,2242
A,2250,2258,2259
A,2258,2281,2259
A,2281,2282,2259
A,2282,2260,2259
A,2281,2291,2282
A,2281,2290,2291
A,2290,2299,2291
A,2281,2280,2290
A,2280,2289,2290
A,2280,2279,2289
A,2279,2288,2289
A,2288,2296,2289
A,2288,2295,2296
A,2295,2302,2296
A,2302,2303,2296
A,2288,2287,2295
A,2287,2294,2295
A,2287,2286,2294
A,2286,2293,2294
A,2286,2285,2293
A,2286,2277,2285
A,2277,2276,2285
A,2276,2284,2285
A,2276,2275,2284
A,2276,2253,2275
A,2253,2252,2275
A,2253,2244,2252
A,2244,2243,2252
A,2244,2234,2243
A,2234,2233,2243
A,2233,2231,2243
A,2231,2241,2243
A,2233,2225,2231
A,2225,2223,2231
A,2223,2222,2231
A,2222,2230,2231
A,2223,2214,2222
A,2214,2210,2222
A,2210,2209,2222
A,2210,2197,2209
A,2197,2196,2209
A,2197,2184,2196
A,2197,2185,2184
A,2185,2173,2184
A,2185,2174,2173
A,2174,2163,2173
A,2163,2162,2173
A,2163,2152,2162
A,2152,2151,2162
A,2152,2127,2151
A,2152,2128,2127
A,2128,2117,2127
A,2117,2116,2127
A,2117,2105,2116
A,2117,2106,2105
A,2106,294,2105
A,2106,295,294
A,295,282,294
A,295,283,282
A,283,272,282
A,272,271,282
A,283,274,272
A,283,286,274
A,286,275,274
A,286,287,275
A,287,288,275
A,288,276,275
A,288,277,276
A,277,265,276
A,277,266,265
A,266,255,265
A,266,256,255
A,266,267,256
A,267,257,256
A,257,245,256
A,257,258,245
A,258,246,245
A,246,233,245
A,246,234,233
A,234,2374,233
A,234,2375,2374
A,2375,2365,2374
A,2375,2357,2365
A,2357,2354,2365
A,2354,2353,2365
A,2354,2343,2353
A,2354,2344,2343
A,2344,2334,2343
A,2344,2324,2334
A,2324,2320,2334
A,2320,2319,2334
A,2320,2273,2319
A,2273,2272,2319
A,2272,2313,2319
A,2320,2263,2273
A,2320,2321,2263
A,2320,2324,2321
A,2324,2325,2321
A,2324,2337,2325
A,2324,2344,2337
A,2344,2347,2337
A,2344,2354,2347
A,2354,2357,2347
A,2357,2358,2347
A,2357,2376,2358
A,2357,2375,2376
A,2375,235,2376
A,2375,234,235
A,234,247,235
A,247,238,235
A,247,250,238
A,247,259,250
A,259,269,250
A,269,270,250
A,269,281,270
A,269,280,281
A,280,293,281
A,293,284,281
A,293,2104,284
A,293,292,2104
A,292,2102,2104
A,2102,2103,2104
A,2103,2115,2104
A,2103,2114,2115
A,2114,2126,2115
A,2114,2125,2126
A,2125,2137,2126
A,2125,2136,2137
A,2136,2160,2137
A,2160,2161,2137
A,2160,2172,2161
A,2160,2171,2172
A,2171,2183,2172
A,2171,2182,2183
A,2182,2195,2183
A,2195,2186,2183
A,2195,2198,2186
A,2198,2199,2186
A,2198,2212,2199
A,2198,2211,2212
A,2211,2229,2212
A,2211,2228,2229
A,2228,2238,2229
A,2238,2239,2229
A,2238,2250,2239
A,2238,2249,2250
A,2249,2258,2250
A,2249,2257,2258
A,2257,2280,2258
A,2280,2281,2258
A,2257,2279,2280
A,2257,2256,2279
A,2256,2278,2279
A,2278,2287,2279
A,2287,2288,2279
A,2278,2277,2287
A,2277,2286,2287
A,2278,2255,2277
A,2255,2254,2277
A,2254,2276,2277
A,2254,2253,2276
A,2254,2245,2253
A,2245,2244,2253
A,2245,2234,2244
A,2245,2235,2234
A,2235,2226,2234
A,2226,2233,2234
A,2226,2225,2233
A,2226,2216,2225
A,2216,2215,2225
A,2215,2223,2225
A,2215,2214,2223
A,2215,2202,2214
A,2202,2201,2214
A,2201,2210,2214
A,2201,2197,2210
A,2201,2185,2197
A,2201,2188,2185
A,2188,2174,2185
A,2188,2176,2174
A,2176,2165,2174
A,2165,2163,2174
A,2165,2154,2163
A,2154,2152,2163
A,2154,2130,2152
A,2130,2128,2152
A,2130,2119,2128
A,2119,2117,2128
A,2119,2106,2117
A,2119,2108,2106
A,2108,297,2106
A,297,295,2106
A,297,283,295
A,297,286,283
A,297,287,286
A,297,298,287
A,298,299,287
A,299,288,287
A,299,2100,288
A,2100,289,288
A,289,277,288
A,289,290,277
A,290,278,277
A,278,266,277
A,278,267,266
A,278,279,267
A,279,268,267
A,268,257,267
A,268,258,257
A,268,269,258
A,269,259,258
A,259,246,258
A,259,247,246
A,247,234,246
A,268,280,269
A,268,279,280
A,279,291,280
A,291,292,280
A,292,293,280
A,291,2102,292
A,291,2101,2102
A,2101,2113,2102
A,2113,2114,2102
A,2114,2103,2102
A,2113,2124,2114
A,2124,2125,2114
A,2124,2135,2125
A,2135,2136,2125
A,2135,2160,2136
A,2135,2159,2160
A,2159,2171,2160
A,2159,2170,2171
A,2170,2182,2171
A,2170,2181,2182
A,2181,2194,2182
A,2194,2195,2182
A,2194,2208,2195
A,2208,2198,2195
A,2208,2221,2198
A,2221,2211,2198
A,2221,2228,2211
A,2221,2227,2228
A,2227,2238,2228
A,2227,2237,2238
A,2237,2249,2238
A,2237,2248,2249
A,2248,2257,2249
A,2248,2256,2257
A,2248,2247,2256
A,2247,2255,2256
A,2255,2278,2256
A,2247,2246,2255
A,2246,2254,2255
A,2246,2245,2254
A,2246,2235,2245
A,2246,2247,2235
A,2247,2236,2235
A,2247,2248,2236
A,2248,2237,2236
A,2237,2227,2236
A,2221,2220,2227
A,2221,2208,2220
A,2208,2207,2220
A,2207,2219,2220
A,2207,2206,2219
A,2206,2218,2219
A,2206,2205,2218
A,2205,2204,2218
A,2204,2217,2218
A,2217,2226,2218
A,2217,2216,2226
A,2217,2203,2216
A,2203,2202,2216
A,2202,2215,2216
A,2203,2189,2202
A,2189,2188,2202
A,2188,2201,2202
A,2189,2176,2188
A,2189,2177,2176
A,2177,2165,2176
A,2177,2166,2165
A,2166,2154,2165
A,2166,2155,2154
A,2155,2131,2154
A,2131,2130,2154
A,2131,2119,2130
A,2131,2120,2119
A,2120,2109,2119
A,2109,2108,2119
A,2109,298,2108
A,298,297,2108
A,2109,2110,298
A,2110,299,298
A,2110,2100,299
A,2110,2111,2100
A,2111,2112,2100
A,2112,2101,2100
A,2101,290,2100
A,290,289,2100
A,2101,291,290
A,291,278,290
A,291,279,278
A,2112,2113,2101
A,2112,2123,2113
A,2123,2124,2113
A,2123,2135,2124
A,2123,2134,2135
A,2134,2158,2135
A,2158,2159,2135
A,2158,2170,2159
A,2158,2169,2170
A,2169,2181,2170
A,2169,2180,2181
A,2180,2193,2181
A,2193,2194,2181
A,2193,2207,2194
A,2207,2208,2194
A,2193,2206,2207
A,2193,2192,2206
A,2192,2205,2206
A,2192,2191,2205
A,2191,2204,2205
A,2191,2190,2204
A,2190,2203,2204
A,2203,2217,2204
A,2190,2189,2203
A,2190,2177,2189
A,2190,2178,2177
A,2178,2166,2177
A,2178,2167,2166
A,2167,2155,2166
A,2167,2156,2155
A,2156,2132,2155
A,2132,2131,2155
A,2132,2121,2131
A,2121,2120,2131
A,2121,2109,2120
A,2121,2110,2109
A,2121,2111,2110
A,2121,2122,2111
A,2122,2123,2111
A,2123,2112,2111
A,2122,2134,2123
A,2122,2133,2134
A,2133,2157,2134
A,2157,2158,2134
A,2157,2168,2158
A,2168,2169,2158
A,2168,2180,2169
A,2168,2179,2180
A,2179,2192,2180
A,2192,2193,2180
A,2179,2191,2192
A,2179,2178,2191
A,2178,2190,2191
A,2179,2168,2178
A,2168,2167,2178
A,2168,2157,2167
A,2157,2156,2167
A,2157,2132,2156
A,2157,2133,2132
A,2133,2122,2132
A,2122,2121,2132
A,2322,2323,2310
A,2322,2335,2323
A,2367,225,226
A,2367,2366,225
A,2369,2370,2361
A,2370,2349,2361
A,2370,2350,2349
A,2350,2339,2349
A,2370,2362,2350
A,2370,2371,2362
A,2330,2329,2340
A,2329,2339,2340
A,2329,2328,2339
A,224,214,211
A,214,23,211
A,2306,2309,2445
A,2309,2446,2445
A,2305,2304,2309
A,2304,2308,2309
A,2301,2300,2307
A,2292,2411,2300
A,2292,2410,2411
A,2292,2283,2410
A,2283,2409,2410
A,2283,2408,2409
A,2283,2407,2408
A,2283,2274,2407
A,2274,2251,2407
A,2251,2406,2407
A,2251,2240,2406
A,2236,2219,2235
A,2219,2218,2235
A,2218,2226,2235
A,2236,2227,2219
A,2227,2220,2219
!补充一个
A,2339,2340,2350

!PLANE3
!Modeling (Kp)
k,31.0,-0.09686101228,-3.136053085,0.27914321420000004
k,32.0,-0.1261012554,-3.302302361,0.7501454948999999
k,33.0,-0.08259315789,-3.459014416,1.216055393
k,34.0,-0.09201287478,-3.637259245,1.740540385
k,35.0,-0.09497472644,-3.809909344,2.256233454
k,36.0,-0.1116155237,-3.992703676,2.789227247
k,37.0,-0.09734980762,-4.151140213,3.263173103
k,38.0,-0.06529225409,-4.305009842,3.729141235
k,39.0,-0.1734967232,-4.465072632,4.206225395
k,310.0,0.2411647439,-3.105194092,0.2115541399
k,311.0,0.31025263670000003,-3.327079773,0.8552979826999999
k,312.0,0.3941816688000001,-3.462355614,1.248411536
k,313.0,0.385409236,-3.628293037,1.741639495
k,314.0,0.3775513768,-3.792331934,2.227493286
k,315.0,0.375877589,-3.959420681,2.71854043
k,316.0,0.3742245436,-4.123893261,3.201452017
k,317.0,0.3948091865,-4.281911373,3.696513176
k,318.0,0.33029130100000004,-4.469762325,4.233808517
k,319.0,4.993209362,-3.2193536760000003,0.5536631942
k,320.0,4.904266357,-3.380905867,1.014516592
k,321.0,4.666749954,-3.555860519,1.542145967
k,322.0,4.796318053999999,-3.732057571,2.055858135
k,323.0,4.846594334,-3.887599468,2.512570381
k,324.0,4.850578785,-4.063758373,3.0343070030000003
k,325.0,4.855276108,-4.227134705,3.513809681
k,326.0,4.834517479,-4.35887146,3.939908028
k,327.0,4.863732338,-4.484781742,4.320861816
k,328.0,5.406483173,-3.24576664,0.6344272494
k,329.0,5.364264011,-3.389618397,1.0461851359999998
k,330.0,5.467831612,-3.535164833,1.475387096
k,331.0,5.168159485,-3.948740005,2.696476698
k,332.0,5.248768806,-4.074286938,3.071537495
k,333.0,5.336455345,-4.228499889,3.5242280960000003
k,334.0,5.349181652,-4.352624416,3.925432682
k,335.0,5.315538883,-4.478173733,4.328344345
k,336.0,5.820144176,-3.305087328,0.8032393456
k,337.0,5.836765289,-3.453004837,1.23344481
k,338.0,5.834225655,-3.632367849,1.76263833
k,339.0,5.947230816,-3.761708498,2.144119978
k,340.0,6.082247734,-3.876155376,2.505593061
k,341.0,5.645386696,-4.3164463039999985,3.80223608
k,342.0,5.758764267,-4.481311321000001,4.287950516
k,343.0,6.221228599999999,-3.362040997,0.9708219767
k,344.0,6.292433262,-3.511661053,1.40877831
k,345.0,6.291427135,-3.690643549,1.938107967
k,346.0,6.295393467,-3.858062744,2.435818195
k,347.0,6.409779549,-4.03068924,2.943552732
k,348.0,6.425247669,-4.208484173,3.467937469
k,349.0,6.406918049,-4.330189705,3.855229616
k,350.0,6.4181766510000005,-4.481775283999999,4.294278145
k,351.0,6.930207253,-3.4449894430000003,1.207861543
k,352.0,6.891846657,-3.619556904,1.725956798
k,353.0,6.902382374,-3.785118818,2.211205721
k,354.0,6.886212826,-3.944890738,2.672977448
k,355.0,6.87113142,-4.109521389,3.166197062
k,356.0,6.893552303,-4.280412674,3.680208921
k,357.0,6.857905388,-4.475557804,4.275374413
k,358.0,7.330548286,-3.430954695,1.16855371
k,359.0,7.332767487000001,-3.588688374,1.633731008
k,360.0,7.314416885,-3.765671253,2.156095028
k,361.0,7.3173213010000016,-3.935046196,2.648691416
k,362.0,7.314497948,-4.100308895,3.143100739
k,363.0,7.302303791,-4.281636238,3.687292814
k,364.0,7.348759651,-4.479944229,4.284855843
k,365.0,7.835976601,-3.436156034,1.183888316
k,366.0,7.823357582000001,-3.602965832,1.680372119
k,367.0,7.831451416,-3.776501894,2.191554785
k,368.0,7.818941116,-3.942836761,2.678429842
k,369.0,7.831685066,-4.115954876,3.190967798
k,370.0,7.845726967,-4.275592327,3.673694372
k,371.0,7.860160351,-4.488162041,4.301621437
k,372.0,8.360015869,-3.409259796,1.108693838
k,373.0,8.330516815,-3.552791119,1.5369740719999998
k,374.0,8.347723961,-3.728471994,2.049516201
k,375.0,8.356767654,-3.905681372,2.575403452
k,376.0,8.348798752,-4.08257246,3.094011784
k,377.0,8.339325905,-4.257035255,3.610594749
k,378.0,8.363459587000001,-4.427821636,4.1372938160000015
k,379.0,8.843879699999997,-3.387980223,1.037407994
k,380.0,8.812565804,-3.527650118,1.450496674
k,381.0,8.850362778,-3.717605114,2.012101173
k,382.0,8.817941666,-3.889587879,2.515144587
k,383.0,8.824810982,-4.050938129,2.994012833
k,384.0,8.845973969,-4.218431473,3.485791683
k,385.0,8.806893349,-4.38739872,3.992489815
k,386.0,8.824938774,-4.483471394,4.32656908
k,387.0,9.363857269,-3.390500307,1.043357611
k,388.0,9.334600449,-3.520740509,1.4294571880000002
k,389.0,9.355960846,-3.70559454,1.978352666
k,390.0,9.356438637,-3.884615421,2.500600338
k,391.0,9.347989082,-4.045255184,2.978658199
k,392.0,9.351675034,-4.222531796,3.501599789
k,393.0,9.362210274,-4.372868061,3.945915699
k,394.0,9.340326309,-4.485640049,4.304062366
k,395.0,0.8549883366,-3.373236895,0.9856685996
k,396.0,0.8486928344,-3.508101463,1.384563208
k,397.0,0.8453519344,-3.702949047,1.954670429
k,398.0,0.8657460809,-3.852283478,2.397049665
k,399.0,0.8473747969,-4.022828579,2.903675795
k,3100.0,0.8546205759000001,-4.192223072,3.400925398
k,3101.0,0.8750007153,-4.310139179,3.78697753
k,3102.0,0.8600693940999999,-4.488745689,4.299328804
k,3103.0,9.782891272999999,-3.4537837510000005,1.23228085
k,3104.0,9.811429977000001,-3.607033014,1.693665981
k,3105.0,9.800966263,-3.775199652,2.18837595
k,3106.0,9.807477951000001,-3.935504913,2.655663967
k,3107.0,9.808962822,-4.122097492,3.210299015
k,3108.0,9.821603775,-4.28027916,3.683137894
k,3109.0,9.792838097,-4.489159107,4.28949213
k,3110.0,10.38758087,-3.334428549,0.8881713748000001
k,3111.0,10.39352512,-3.493931055,1.352057338
k,3112.0,10.388937,-3.674818754,1.891136646
k,3113.0,10.36429882,-3.825717211,2.337560654
k,3114.0,10.35182095,-3.998150587,2.841930866
k,3115.0,10.35248661,-4.160115242,3.327908754
k,3116.0,10.36389542,-4.299648762,3.74329114
k,3117.0,10.34041023,-4.472883701000001,4.27960968
k,3118.0,10.7443924,-3.246950388,0.6320223212
k,3119.0,10.85926628,-3.418177366,1.124947071
k,3120.0,10.88054848,-3.573183298,1.5872358080000002
k,3121.0,10.82930851,-3.741073608,2.082799673
k,3122.0,10.85194111,-3.912984848,2.588277817
k,3123.0,10.84517288,-4.090873718,3.11389327
k,3124.0,10.81584549,-4.2478685380000005,3.5726642610000003
k,3125.0,10.77197647,-4.424283504,4.109830379
k,3126.0,11.39208984,-3.237907887,0.6002808809000001
k,3127.0,11.33927917,-3.408029079,1.093704462
k,3128.0,11.34629059,-3.57450366,1.586245418
k,3129.0,11.36459446,-3.745592594,2.090506792
k,3130.0,11.28648949,-3.898294687,2.542380571
k,3131.0,11.200737,-4.0667309760000006,3.041780472
k,3132.0,11.13468838,-4.181009293,3.379662275
k,3133.0,11.79566765,-3.157081604,0.3537767231
k,3134.0,11.78734112,-3.300194502,0.7670269012
k,3135.0,11.70102596,-3.465641737,1.254758835
k,3136.0,11.73633575,-3.632462502,1.7521752119999998
k,3137.0,11.87734699,-3.791505814,2.232502222
k,3138.0,11.91006374,-3.960989714,2.738981009
k,3139.0,11.88430023,-4.138339996,3.256190538
k,3140.0,11.87960529,-4.304994583,3.73451972
k,3141.0,11.86099339,-4.456942081,4.179332733
k,3142.0,12.49451351,-3.134808779,0.2872165143
k,3143.0,12.44153976,-3.317754745,0.8237708211
k,3144.0,12.47612762,-3.4728641510000005,1.280603647
k,3145.0,12.43495178,-3.657959461,1.82756567
k,3146.0,12.40990448,-3.811941385,2.285293102
k,3147.0,12.38896275,-3.974972725,2.76679039
k,3148.0,12.40278816,-4.141572952,3.260659218
k,3149.0,12.39432621,-4.3000898360000015,3.73801899
k,3150.0,12.31742096,-4.467693806000001,4.2328901289999985
k,3151.0,12.85582924,-3.172576189,0.3976317644
k,3152.0,12.84897327,-3.298662424,0.7663695812000001
k,3153.0,12.83601379,-3.4684264660000004,1.266145706
k,3154.0,12.84123707,-3.656809807,1.823686242
k,3155.0,12.83468151,-3.801577806,2.251186848
k,3156.0,12.85005951,-3.977157593,2.768638849
k,3157.0,12.8476162,-4.145563126,3.270722151
k,3158.0,12.84831429,-4.306699753,3.748190165
k,3159.0,12.8201952,-4.497326374,4.296068192
k,3160.0,13.32930088,-3.22393918,0.5484625101
k,3161.0,13.33296013,-3.399396658,1.063134193
k,3162.0,13.32045078,-3.552316189,1.5159858469999998
k,3163.0,13.35211563,-3.736536741,2.059646845
k,3164.0,13.33825874,-3.901964903,2.546336889
k,3165.0,13.34246635,-4.070576668,3.0548102860000004
k,3166.0,13.34630013,-4.246079445,3.566915035
k,3167.0,13.38187504,-4.381752014,3.973116636
k,3168.0,13.31435871,-4.500796795,4.33872509
k,3169.0,13.80031204,-3.2284996510000004,0.5632877946
k,3170.0,13.87031746,-3.408536673,1.091960669
k,3171.0,13.8238821,-3.544881582,1.492231131
k,3172.0,13.83012104,-3.732046843,2.050926924
k,3173.0,13.87084198,-3.90483737,2.560614824
k,3174.0,13.84467506,-4.076538086,3.074373722
k,3175.0,13.85047817,-4.244619846,3.565097094
k,3176.0,13.86264801,-4.402842999,4.036071777
k,3177.0,13.85292339,-4.491627693,4.347551823
k,3178.0,14.21468163,-3.22865653,0.563942194
k,3179.0,14.2052021,-3.406737804,1.087559938
k,3180.0,14.19679165,-3.556108952,1.528331399
k,3181.0,14.20345211,-3.725778103,2.032557011
k,3182.0,14.20226192,-3.901591539,2.557286263
k,3183.0,14.20565224,-4.066921711,3.043906212
k,3184.0,14.21395874,-4.247659683,3.576987267
k,3185.0,14.22433662,-4.416465758999999,4.062931538
k,3186.0,14.19808865,-4.490203381000001,4.351023197
k,3187.0,1.448474884,-3.143168449,0.3321290612
k,3188.0,1.359484911,-3.29318285,0.7604154348000001
k,3189.0,1.317507386,-3.465952635,1.258144498
k,3190.0,1.387637496,-3.641671419,1.777762651
k,3191.0,1.3721472019999998,-3.790318012,2.2142062190000003
k,3192.0,1.316457868,-3.962414742,2.72413373
k,3193.0,1.355837345,-4.13473177,3.237246513
k,3194.0,1.342231393,-4.286947727,3.694649935
k,3195.0,1.340721607,-4.488652706,4.310616493
k,3196.0,14.93927479,-3.237158298,0.5930111408
k,3197.0,14.85788155,-3.4057922360000004,1.084030867
k,3198.0,14.87754822,-3.55139184,1.5173738
k,3199.0,14.85672855,-3.730540514,2.050219297
k,3200.0,14.85534859,-3.89786768,2.5454216
k,3201.0,14.85755157,-4.073513031,3.067663193
k,3202.0,14.86262512,-4.240588665,3.554756165
k,3203.0,14.8331728,-4.407739162,4.045906067
k,3204.0,14.85293388,-4.502467632,4.338848114
k,3205.0,15.41404724,-3.269105434,0.6885015368
k,3206.0,15.33323193,-3.427504539,1.148377538
k,3207.0,15.38047123,-3.586869717,1.625357151
k,3208.0,15.3492527,-3.760694981,2.141800165
k,3209.0,15.35236645,-3.923406601,2.618530273
k,3210.0,15.34925365,-4.092163086,3.125525475
k,3211.0,15.35094643,-4.267262936,3.635641098
k,3212.0,15.39821911,-4.459086895,4.216610909
k,3213.0,15.84701252,-3.319210768,0.8332972527
k,3214.0,15.8194685,-3.466109514,1.264170527
k,3215.0,15.82786179,-3.628839731,1.749785781
k,3216.0,15.85067558,-3.787214279,2.222724915
k,3217.0,15.81766319,-3.970846176,2.764818668
k,3218.0,15.83805084,-4.132471085,3.2481520180000003
k,3219.0,15.83311272,-4.281341076,3.679273844
k,3220.0,15.84179592,-4.491740227,4.307700157
k,3221.0,16.23589325,-3.369841814,0.9823487401
k,3222.0,16.24178314,-3.513578176,1.410915375
k,3223.0,16.30374336,-3.697776556,1.96254909
k,3224.0,16.28687096,-3.856732607,2.436400652
k,3225.0,16.28653336,-4.019961357,2.917621613
k,3226.0,16.31363678,-4.197188377,3.439197302
k,3227.0,16.2868042,-4.317973137,3.798154593
k,3228.0,16.186851500000003,-4.488842964,4.312960625
k,3229.0,17.00894928,-3.491393566,1.340780854
k,3230.0,16.99866104,-3.697856665,1.963209033
k,3231.0,16.90298843,-3.838958025,2.387768507
k,3232.0,16.9045105,-4.005600452,2.880260468
k,3233.0,16.7296772,-4.165145397,3.348790884
k,3234.0,16.61062241,-4.322780132,3.806475163
k,3235.0,16.59836197,-4.468652725,4.2204666139999985
k,3236.0,1.744535565,-3.341032267,0.9008324146
k,3237.0,1.757347465,-3.4838147160000004,1.3132750990000002
k,3238.0,1.758371115,-3.672807217,1.873471379
k,3239.0,1.763699651,-3.816749573,2.293216228
k,3240.0,1.742769241,-3.991122246,2.8091430660000003
k,3241.0,1.766627669,-4.164346695,3.3229815960000004
k,3242.0,1.7445609569999998,-4.305728436,3.751735449
k,3243.0,1.70841074,-4.488957405,4.304688931
k,3244.0,2.432633877,-3.2128882410000004,0.5258521438
k,3245.0,2.411803961,-3.394756794,1.063600183
k,3246.0,2.43002367,-3.5374548439999995,1.4831564430000002
k,3247.0,2.425563574,-3.719428062,2.021903753
k,3248.0,2.422955751,-3.885333061,2.507132769
k,3249.0,2.432788372,-4.0563502310000015,3.007763386
k,3250.0,2.410920143,-4.229771614,3.5315423010000004
k,3251.0,2.391165257,-4.362241745,3.963233948
k,3252.0,2.4138102530000003,-4.48043108,4.3164825439999985
k,3253.0,2.852659225,-3.216634274,0.5386888981
k,3254.0,2.84245348,-3.3840065000000004,1.0255542990000002
k,3255.0,2.852725267,-3.535558224,1.475242615
k,3256.0,2.829165459,-3.719797611,2.013610601
k,3257.0,2.8499104980000003,-3.891518354,2.517809153
k,3258.0,2.8397426610000003,-4.064117908,3.029987335
k,3259.0,2.842076063,-4.230766773,3.521048307
k,3260.0,2.826462507,-4.334750175,3.892327785
k,3261.0,2.8331170080000003,-4.476370335,4.321024418
k,3262.0,3.35037756,-3.210414648,0.5167620182
k,3263.0,3.350758791,-3.394351721,1.055253386
k,3264.0,3.310747623,-3.5249152180000003,1.443449616
k,3265.0,3.342072964,-3.71640873,2.004470587
k,3266.0,3.346207619,-3.883927584,2.497140646
k,3267.0,3.333937407,-4.054276466,3.004130125
k,3268.0,3.341674089,-4.226848602,3.512744904
k,3269.0,3.373501301,-4.324861526,3.863574028
k,3270.0,3.366172552,-4.486288548,4.315321445
k,3271.0,3.823454142,-3.170511007,0.4035627246
k,3272.0,3.83795476,-3.314380169,0.8225036263
k,3273.0,3.843869925,-3.4875996110000003,1.330600023
k,3274.0,3.825406551,-3.670107603,1.873394608
k,3275.0,3.846487045,-3.824389935,2.32572937
k,3276.0,3.846959829,-3.994100809,2.8246665
k,3277.0,3.826066256,-4.160501003,3.31683135
k,3278.0,3.878116369,-4.295279026,3.743280172
k,3279.0,3.857625246000001,-4.486302853,4.316323757
k,3280.0,4.157900333,-3.131915569,0.2878515422
k,3281.0,4.201724052,-3.3116190430000003,0.8148937821
k,3282.0,4.221738815,-3.472972155,1.291728377
k,3283.0,4.173658371,-3.664879084,1.858273029
k,3284.0,4.240458488,-3.81521678,2.302380562
k,3285.0,4.264668941,-3.980073214,2.787673473
k,3286.0,4.273081779,-4.151825428,3.297145367
k,3287.0,4.308372498,-4.289000511,3.722616434
k,3288.0,4.305301666,-4.485247612,4.27812767
k,3289.0,0.0,-3.0447416310000004,0.01966358908
k,3290.0,0.5,-3.0447416310000004,0.01966358908
k,3291.0,1.0,-3.0447416310000004,0.01966358908
k,3292.0,1.5,-3.0447416310000004,0.01966358908
k,3293.0,2.0,-3.0447416310000004,0.01966358908
k,3294.0,2.5,-3.0447416310000004,0.01966358908
k,3295.0,3.0,-3.0447416310000004,0.01966358908
k,3296.0,3.5,-3.0447416310000004,0.01966358908
k,3297.0,4.0,-3.0447416310000004,0.01966358908
k,3298.0,4.5,-3.0447416310000004,0.01966358908
k,3299.0,5.0,-3.0447416310000004,0.01966358908
k,3300.0,5.5,-3.0447416310000004,0.01966358908
k,3301.0,6.0,-3.0447416310000004,0.01966358908
k,3302.0,6.5,-3.0447416310000004,0.01966358908
k,3303.0,7.0,-3.0447416310000004,0.01966358908
k,3304.0,7.5,-3.0447416310000004,0.01966358908
k,3305.0,8.0,-3.0447416310000004,0.01966358908
k,3306.0,8.5,-3.0447416310000004,0.01966358908
k,3307.0,9.0,-3.0447416310000004,0.01966358908
k,3308.0,9.5,-3.0447416310000004,0.01966358908
k,3309.0,10.0,-3.0447416310000004,0.01966358908
k,3310.0,10.5,-3.0447416310000004,0.01966358908
k,3311.0,11.0,-3.0447416310000004,0.01966358908
k,3312.0,11.5,-3.0447416310000004,0.01966358908
k,3313.0,12.0,-3.0447416310000004,0.01966358908
k,3314.0,12.5,-3.0447416310000004,0.01966358908
k,3315.0,13.0,-3.0447416310000004,0.01966358908
k,3316.0,13.5,-3.0447416310000004,0.01966358908
k,3317.0,14.0,-3.0447416310000004,0.01966358908
k,3318.0,14.5,-3.0447416310000004,0.01966358908
k,3319.0,15.0,-3.0447416310000004,0.01966358908
k,3320.0,15.5,-3.0447416310000004,0.01966358908
k,3321.0,16.0,-3.0447416310000004,0.01966358908
k,3322.0,16.5,-3.0447416310000004,0.01966358908
k,3323.0,17.0,-3.0447416310000004,0.01966358908


!Modeling (Area)
A,31,310,3289
A,310,3290,3289
A,31,32,310
A,32,311,310
A,32,33,311
A,33,312,311
A,312,395,311
A,312,396,395
A,396,3189,395
A,3189,3188,395
A,3189,3236,3188
A,3236,3187,3188
A,3187,3291,3188
A,3187,3292,3291
A,3187,3293,3292
A,3187,3236,3293
A,3236,3244,3293
A,3244,3294,3293
A,3244,3253,3294
A,3253,3295,3294
A,3253,3262,3295
A,3262,3296,3295
A,3262,3271,3296
A,3271,3297,3296
A,3271,3280,3297
A,3280,3298,3297
A,3280,319,3298
A,319,3299,3298
A,319,3300,3299
A,319,328,3300
A,328,3301,3300
A,328,336,3301
A,328,329,336
A,329,337,336
A,337,343,336
A,337,344,343
A,344,351,343
A,344,352,351
A,352,359,351
A,359,358,351
A,359,365,358
A,359,366,365
A,366,373,365
A,373,372,365
A,373,380,372
A,380,379,372
A,380,388,379
A,388,387,379
A,388,3103,387
A,388,3104,3103
A,3104,3111,3103
A,3111,3110,3103
A,3111,3119,3110
A,3119,3118,3110
A,3118,3310,3110
A,3118,3311,3310
A,3118,3126,3311
A,3126,3312,3311
A,3126,3133,3312
A,3133,3313,3312
A,3133,3142,3313
A,3142,3314,3313
A,3142,3151,3314
A,3151,3315,3314
A,3151,3160,3315
A,3160,3316,3315
A,3160,3169,3316
A,3169,3317,3316
A,3169,3178,3317
A,3178,3318,3317
A,3178,3196,3318
A,3196,3319,3318
A,3196,3205,3319
A,3205,3320,3319
A,3205,3321,3320
A,3205,3213,3321
A,3205,3206,3213
A,3206,3214,3213
A,3214,3221,3213
A,3214,3222,3221
A,3222,3229,3221
A,3222,3230,3229
A,3222,3223,3230
A,3223,3231,3230
A,3223,3224,3231
A,3224,3232,3231
A,3224,3225,3232
A,3225,3233,3232
A,3225,3226,3233
A,3226,3234,3233
A,3226,3227,3234
A,3227,3235,3234
A,3227,3228,3235
A,3227,3220,3228
A,3227,3219,3220
A,3219,3212,3220
A,3219,3211,3212
A,3211,3203,3212
A,3203,3204,3212
A,3203,3186,3204
A,3203,3185,3186
A,3185,3176,3186
A,3176,3177,3186
A,3176,3167,3177
A,3167,3168,3177
A,3167,3159,3168
A,3167,3158,3159
A,3158,3149,3159
A,3149,3150,3159
A,3149,3140,3150
A,3140,3141,3150
A,3149,3139,3140
A,3139,3132,3140
A,3139,3131,3132
A,3131,3123,3132
A,3123,3124,3132
A,3123,3115,3124
A,3115,3116,3124
A,3116,3125,3124
A,3116,3117,3125
A,3116,3108,3117
A,3108,3109,3117
A,3108,393,3109
A,393,394,3109
A,393,385,394
A,385,386,394
A,385,378,386
A,385,377,378
A,377,370,378
A,370,371,378
A,370,364,371
A,370,363,364
A,363,357,364
A,363,356,357
A,356,349,357
A,349,350,357
A,349,342,350
A,349,341,342
A,341,334,342
A,334,335,342
A,334,326,335
A,326,327,335
A,326,3288,327
A,326,3287,3288
A,3287,3278,3288
A,3278,3279,3288
A,3278,3269,3279
A,3269,3270,3279
A,3269,3260,3270
A,3260,3261,3270
A,3260,3251,3261
A,3251,3252,3261
A,3251,3243,3252
A,3251,3242,3243
A,3242,3195,3243
A,3242,3194,3195
A,3194,3101,3195
A,3101,3102,3195
A,3101,318,3102
A,3101,317,318
A,317,38,318
A,38,39,318
A,317,37,38
A,317,316,37
A,316,36,37
A,316,315,36
A,315,35,36
A,315,314,35
A,314,34,35
A,314,313,34
A,313,312,34
A,312,33,34
A,313,396,312
A,313,397,396
A,397,3190,396
A,3190,3189,396
A,3190,3237,3189
A,3237,3236,3189
A,3237,3245,3236
A,3245,3244,3236
A,3245,3254,3244
A,3254,3253,3244
A,3254,3263,3253
A,3263,3262,3253
A,3263,3272,3262
A,3272,3271,3262
A,3272,3281,3271
A,3281,3280,3271
A,3281,319,3280
A,3281,320,319
A,320,329,319
A,329,328,319
A,320,330,329
A,330,337,329
A,330,338,337
A,338,344,337
A,338,345,344
A,345,352,344
A,345,353,352
A,353,360,352
A,360,359,352
A,360,366,359
A,360,367,366
A,367,374,366
A,374,373,366
A,374,381,373
A,381,380,373
A,381,389,380
A,389,388,380
A,389,3104,388
A,389,3105,3104
A,3105,3112,3104
A,3112,3111,3104
A,3112,3120,3111
A,3120,3119,3111
A,3120,3128,3119
A,3128,3127,3119
A,3127,3118,3119
A,3127,3126,3118
A,3127,3134,3126
A,3134,3133,3126
A,3134,3143,3133
A,3143,3142,3133
A,3143,3151,3142
A,3143,3152,3151
A,3152,3160,3151
A,3152,3161,3160
A,3161,3169,3160
A,3161,3170,3169
A,3170,3178,3169
A,3170,3179,3178
A,3179,3197,3178
A,3197,3196,3178
A,3197,3205,3196
A,3197,3206,3205
A,3197,3198,3206
A,3198,3207,3206
A,3207,3214,3206
A,3207,3215,3214
A,3215,3222,3214
A,3215,3223,3222
A,3215,3216,3223
A,3216,3224,3223
A,3216,3217,3224
A,3217,3225,3224
A,3217,3218,3225
A,3218,3226,3225
A,3218,3219,3226
A,3219,3227,3226
A,3218,3211,3219
A,3218,3210,3211
A,3210,3202,3211
A,3202,3203,3211
A,3202,3184,3203
A,3184,3185,3203
A,3184,3176,3185
A,3184,3175,3176
A,3175,3167,3176
A,3175,3166,3167
A,3166,3158,3167
A,3166,3157,3158
A,3157,3149,3158
A,3157,3148,3149
A,3148,3139,3149
A,3148,3147,3139
A,3147,3138,3139
A,3138,3131,3139
A,3138,3130,3131
A,3130,3122,3131
A,3122,3123,3131
A,3122,3114,3123
A,3114,3115,3123
A,3114,3107,3115
A,3107,3108,3115
A,3108,3116,3115
A,3107,392,3108
A,392,393,3108
A,392,384,393
A,384,385,393
A,384,377,385
A,384,376,377
A,376,369,377
A,369,370,377
A,369,363,370
A,369,362,363
A,362,355,363
A,355,356,363
A,355,348,356
A,348,349,356
A,348,341,349
A,355,347,348
A,355,354,347
A,354,346,347
A,346,340,347
A,346,339,340
A,339,331,340
A,346,345,339
A,345,338,339
A,346,353,345
A,346,354,353
A,354,361,353
A,361,360,353
A,361,367,360
A,361,368,367
A,368,375,367
A,375,374,367
A,375,382,374
A,382,381,374
A,382,390,381
A,390,389,381
A,390,3105,389
A,390,3106,3105
A,3106,3113,3105
A,3113,3112,3105
A,3113,3121,3112
A,3121,3120,3112
A,3121,3129,3120
A,3129,3128,3120
A,3129,3136,3128
A,3136,3135,3128
A,3135,3127,3128
A,3135,3134,3127
A,3135,3143,3134
A,3135,3144,3143
A,3144,3153,3143
A,3153,3152,3143
A,3153,3161,3152
A,3153,3162,3161
A,3162,3171,3161
A,3171,3170,3161
A,3171,3180,3170
A,3180,3179,3170
A,3180,3198,3179
A,3198,3197,3179
A,3180,3199,3198
A,3199,3207,3198
A,3199,3208,3207
A,3208,3215,3207
A,3208,3216,3215
A,3208,3209,3216
A,3209,3217,3216
A,3209,3210,3217
A,3210,3218,3217
A,3209,3201,3210
A,3201,3202,3210
A,3201,3184,3202
A,3201,3183,3184
A,3183,3174,3184
A,3174,3175,3184
A,3174,3166,3175
A,3174,3165,3166
A,3165,3157,3166
A,3165,3156,3157
A,3156,3148,3157
A,3156,3147,3148
A,3156,3146,3147
A,3146,3138,3147
A,3146,3137,3138
A,3137,3130,3138
A,3137,3129,3130
A,3129,3121,3130
A,3121,3122,3130
A,3121,3113,3122
A,3113,3114,3122
A,3113,3106,3114
A,3106,3107,3114
A,3106,391,3107
A,391,392,3107
A,391,384,392
A,391,383,384
A,383,376,384
A,383,375,376
A,375,368,376
A,368,369,376
A,368,362,369
A,368,361,362
A,361,354,362
A,354,355,362
A,383,382,375
A,383,391,382
A,391,390,382
A,391,3106,390
A,3137,3136,3129
A,3137,3145,3136
A,3145,3144,3136
A,3144,3135,3136
A,3145,3154,3144
A,3154,3153,3144
A,3154,3162,3153
A,3154,3163,3162
A,3163,3172,3162
A,3172,3171,3162
A,3172,3180,3171
A,3172,3181,3180
A,3181,3199,3180
A,3181,3182,3199
A,3182,3200,3199
A,3200,3208,3199
A,3200,3209,3208
A,3200,3201,3209
A,3200,3183,3201
A,3200,3182,3183
A,3182,3173,3183
A,3173,3174,3183
A,3173,3165,3174
A,3173,3164,3165
A,3164,3156,3165
A,3164,3155,3156
A,3155,3146,3156
A,3155,3145,3146
A,3145,3137,3146
A,3155,3154,3145
A,3155,3163,3154
A,3155,3164,3163
A,3164,3172,3163
A,3164,3173,3172
A,3173,3181,3172
A,3173,3182,3181
A,320,321,330
A,321,322,330
A,321,3283,322
A,3283,3284,322
A,3284,323,322
A,323,331,322
A,323,324,331
A,324,332,331
A,324,325,332
A,325,333,332
A,325,334,333
A,334,341,333
A,325,326,334
A,325,3287,326
A,325,3286,3287
A,3286,3278,3287
A,3286,3277,3278
A,3277,3268,3278
A,3268,3269,3278
A,3268,3259,3269
A,3259,3260,3269
A,3259,3250,3260
A,3250,3251,3260
A,3250,3242,3251
A,3250,3241,3242
A,3241,3194,3242
A,3241,3193,3194
A,3193,3100,3194
A,3100,3101,3194
A,3100,317,3101
A,3100,316,317
A,3100,399,316
A,399,315,316
A,399,398,315
A,398,314,315
A,398,397,314
A,397,313,314
A,398,3191,397
A,3191,3190,397
A,3191,3238,3190
A,3238,3237,3190
A,3238,3246,3237
A,3246,3245,3237
A,3246,3255,3245
A,3255,3254,3245
A,3255,3264,3254
A,3264,3263,3254
A,3264,3273,3263
A,3273,3272,3263
A,3273,3282,3272
A,3282,3281,3272
A,3282,320,3281
A,3282,321,320
A,3282,3283,321
A,3282,3273,3283
A,3273,3274,3283
A,3274,3275,3283
A,3275,3284,3283
A,3275,3285,3284
A,3285,323,3284
A,3285,324,323
A,3285,3286,324
A,3286,325,324
A,3285,3276,3286
A,3276,3277,3286
A,3276,3267,3277
A,3267,3268,3277
A,3267,3258,3268
A,3258,3259,3268
A,3258,3250,3259
A,3258,3249,3250
A,3249,3241,3250
A,3249,3240,3241
A,3240,3193,3241
A,3240,3192,3193
A,3192,399,3193
A,399,3100,3193
A,3192,398,399
A,3192,3191,398
A,3192,3239,3191
A,3239,3238,3191
A,3239,3247,3238
A,3247,3246,3238
A,3247,3256,3246
A,3256,3255,3246
A,3256,3265,3255
A,3265,3264,3255
A,3265,3274,3264
A,3274,3273,3264
A,3265,3275,3274
A,3265,3266,3275
A,3266,3276,3275
A,3276,3285,3275
A,3266,3267,3276
A,3266,3257,3267
A,3257,3258,3267
A,3257,3249,3258
A,3257,3248,3249
A,3248,3240,3249
A,3248,3239,3240
A,3239,3192,3240
A,3248,3247,3239
A,3248,3256,3247
A,3248,3257,3256
A,3257,3266,3256
A,3266,3265,3256
A,310,311,3290
A,311,395,3290
A,395,3291,3290
A,395,3188,3291
A,336,343,3301
A,343,3302,3301
A,343,3303,3302
A,343,351,3303
A,351,358,3303
A,358,3304,3303
A,358,365,3304
A,365,3305,3304
A,365,372,3305
A,372,3306,3305
A,372,379,3306
A,379,3307,3306
A,379,387,3307
A,387,3308,3307
A,387,3309,3308
A,387,3110,3309
A,3110,3310,3309
A,387,3103,3110
A,3213,3221,3321
A,3221,3322,3321
A,3221,3323,3322
A,3221,3229,3323
A,3140,3125,3141
A,3140,3132,3125
A,3132,3124,3125
A,378,371,386
A,348,333,341
A,348,347,333
A,347,332,333
A,347,340,332
A,340,331,332
A,339,322,331
A,339,338,322
A,338,330,322

aglue,all

!Define element type / mat.
et,1,shell63

mp,ex,1,2.06e11
mp,prxy,1,0.3
mp,dens,1,7850

r,1,0.2 !厚度

!赋予属性
asel,all
aatt,1,1,1

!mesh
asel,all
mshkey,1
esize,0.5
amesh,all

!链接两侧线
lsel,s,loc,y,-3.0447416310000004
lsel,a,loc,y,3.409006357
!lglue,allsel
!dl,all,,all
dl,all,,uy,0
dl,all,,uz,0
dl,all,,rotx,0
dl,all,,roty,0
dl,all,,rotz,0

/solu
acel,,,9.8
solve

/post1