0.0008046064177 3.497686863 0.2702778578
0.0141359847 3.644397736 0.7237899303
0.02363692224 3.807713985 1.222770929
0.02702380158 3.975408554 1.741935372
0.01238662004 4.148095608 2.268737078
-0.009011791088 4.306982517 2.75225234
0.008652117103 4.466264725 3.239407301
0.03329924494 4.624804974 3.720020533
0.009892616421 4.802628994 4.254790306
0.130380109 4.874337196 4.512250423
0.5331741571 3.57812953 0.5587591529
0.5247747898 3.724081755 0.9824236631
0.5409706235 3.874123573 1.437629819
0.5371749401 4.04720974 1.964769602
0.5185322762 4.210390568 2.461915255
0.5065472722 4.363780975 2.93181324
0.5365975499 4.527569294 3.438385725
0.5247608423 4.668923855 3.873166323
0.5308051705 4.854884624 4.439763546
4.97333622 3.599578381 0.6086821556
5.031816959 3.768020868 1.114155531
5.080665112 3.900396347 1.521439314
5.079857826 4.073802948 2.053299189
5.017093658 4.237793922 2.546662807
4.923260689 4.406360149 3.067866325
4.921412945 4.579288006 3.596313953
4.932586193 4.683250427 3.910919905
4.945647717 4.860737324 4.448453903
5.461730003 3.590009451 0.5780789256
5.51167345 3.760668278 1.090815067
5.554427147 3.90423131 1.531619787
5.538938999 4.082398891 2.07472229
5.520685196 4.235773563 2.54003334
5.597941399 4.391355515 3.021636486
5.689919949 4.560203552 3.531800747
5.761939049 4.677694798 3.884325266
5.64799118 4.845809937 4.393073082
6.063547134 3.605262041 0.6302859783
6.039278984 3.76200223 1.096522689
6.051034927 3.905554056 1.536311865
6.03589344 4.07805872 2.063373089
6.046835899 4.266266346 2.637735128
6.04093504 4.420754433 3.108899593
6.024251938 4.570691586 3.562738657
6.055130005 4.689678669 3.930071831
6.079397678 4.854644775 4.425247669
6.589205265 3.797218323 1.209166646
6.501142502 3.939641953 1.646802783
6.507357597 4.098948956 2.134114742
6.55828619 4.275419712 2.67009306
6.529366016 4.445585728 3.192141533
6.51538229 4.606043816 3.674746513
6.513403416 4.720589638 4.027467251
6.505790234 4.862264156 4.442843437
7.019296169 3.7165277 0.9593399167
7.035644531 3.849409342 1.363180399
7.026342869 4.025012016 1.902599692
7.023050785 4.188261986 2.40403676
7.039325714 4.349915028 2.897528172
7.027793884 4.501764774 3.363847256
7.020641327 4.662677765 3.84191227
7.00625658 4.863427162 4.444464684
7.539150715 3.730693817 0.9984074235
7.506593704 3.871487617 1.431777596
7.529787064 4.038013935 1.94199121
7.511777878 4.19659853 2.43066597
7.549520493 4.370726585 2.962591648
7.51824379 4.531039238 3.450089693
7.530276775 4.66377306 3.846994162
7.565321922 4.863687992 4.436956882
7.978524685 3.740166664 1.030307531
8.016299248 3.867305994 1.418805838
8.001757622 4.041942596 1.956795335
8.020895958 4.214858532 2.489665031
8.038103104 4.376935959 2.979447126
7.995771408 4.54847765 3.496581078
8.049926758 4.671498299 3.866015673
8.0300951 4.859728813 4.431922913
8.532343864 3.757963657 1.091350317
8.523720741 3.904139519 1.543260932
8.528646469 4.073809147 2.066865444
8.573437691 4.238395214 2.569182873
8.551498413 4.401872158 3.068524837
8.518109322 4.572022915 3.57868886
8.565280914 4.685894012 3.92357564
8.518024445 4.863957882 4.451577663
9.048603058 3.743055344 1.04354465
9.040714264 3.888351679 1.488884449
9.065372467 4.050122738 1.990835428
9.04417038 4.228456497 2.532496452
9.063314438 4.374397278 2.980451345
9.044060707 4.554900169 3.528907537
9.07913208 4.680422306 3.901309252
9.007312775 4.861281395 4.438851833
9.491461754 3.74679327 1.05210495
9.505637169 3.876353979 1.450940132
9.511216164 4.057797432 2.008943558
9.492155075 4.211072445 2.477284193
9.510044098 4.379321575 2.994017363
9.507196426 4.552009583 3.516528368
9.491864204 4.682059288 3.90241313
9.535752296 4.86249876 4.439186573
1.117150307 3.594927788 0.5954195261
1.037685275 3.757987022 1.080837369
1.024384141 3.912695408 1.551844239
1.027685165 4.069738865 2.031038761
1.059588194 4.246589661 2.573078871
1.02916491 4.397770882 3.04201293
1.045111299 4.558578491 3.538243532
1.002244711 4.683858395 3.920917749
1.005490184 4.856693745 4.44068861
10.07885456 3.717463255 0.9654827118
9.972626686 3.930285931 1.612094283
10.02316856 4.081673145 2.075309992
10.04387951 4.256862164 2.609413862
10.00018597 4.423592091 3.118042946
10.03028011 4.573171139 3.570026636
10.03748608 4.689702034 3.915032148
10.00689697 4.856394291 4.423551559
10.54626274 3.609193802 0.6568062901
10.52748203 3.769718647 1.133311391
10.52950191 3.937902451 1.643289924
10.55353069 4.10102272 2.136719227
10.53340912 4.271057129 2.654539347
10.53439426 4.415082932 3.093840599
10.54056358 4.599531651 3.648017168
10.51312065 4.714848518 3.994317532
10.48631382 4.864591122 4.444177151
11.06862736 3.613547325 0.6666439176
11.02375317 3.768918276 1.128753066
11.00264072 3.934509754 1.634591699
11.0088129 4.104371548 2.143969536
11.04556179 4.265340805 2.625523806
10.98719025 4.430729866 3.133902073
10.94552135 4.591061592 3.616687059
10.83928585 4.70665884 3.97701335
11.12933159 4.864243984 4.428900242
11.63700867 3.517924309 0.3644502759
11.58157349 3.659696817 0.7950768471
11.54528904 3.829794884 1.31408906
11.50389862 3.985120296 1.783492565
11.43302536 4.151183128 2.276541471
11.45925331 4.316973686 2.768816233
11.52687645 4.484408855 3.281451702
11.55733967 4.663632393 3.827279806
11.60975552 4.838628292 4.354074001
11.86451244 3.534317017 0.3706078231
11.94983387 3.661772728 0.7587482929
12.00506592 3.829045534 1.272175908
12.02235508 3.990222692 1.771558046
11.98936653 4.144938946 2.266199112
11.92184258 4.31577158 2.797693491
11.96913338 4.481802464 3.296499491
11.98016453 4.635672569 3.758647919
11.98042011 4.796560764 4.236140728
12.01857948 4.887494564 4.53680706
12.54526138 3.511306047 0.3120207191
12.56198311 3.66868329 0.791782558
12.57086372 3.825825214 1.269241333
12.57783413 3.997738123 1.802961826
12.55660057 4.150251865 2.271871567
12.564291 4.317946434 2.784716606
12.56528091 4.46505928 3.239730358
12.57215691 4.638234138 3.765449762
12.53352356 4.792146683 4.248888016
12.55500793 4.877036095 4.535470486
13.03607368 3.579496622 0.5240177512
13.0269022 3.74941349 1.037304401
13.02880383 3.899083614 1.500139475
13.03577518 4.06885767 2.023757935
13.01478767 4.231068134 2.517174721
13.01352501 4.390203953 3.01048398
13.0353899 4.556199074 3.521536589
13.03148174 4.686273575 3.914368153
13.01289845 4.867716789 4.461798668
13.51455975 3.588649035 0.5587344766
13.53982258 3.759937763 1.071044683
13.50108433 3.895884275 1.491895199
13.5439558 4.069187641 2.028247833
13.5312252 4.230483055 2.518190145
13.5416832 4.390125275 3.01210928
13.50957203 4.554479599 3.517452717
13.53630543 4.683796883 3.905202866
13.57193089 4.868861675 4.466954231
14.04758263 3.582222939 0.538015008
14.03030491 3.754406214 1.059331059
14.00987816 3.90766263 1.530430913
14.02569294 4.073479176 2.042119026
14.02271557 4.231720924 2.524624109
14.01477337 4.396316051 3.030950785
14.01311016 4.564845562 3.546983719
14.01698971 4.680143833 3.89612484
14.01323032 4.86831522 4.459771633
14.52463913 3.619469404 0.6803990602
14.64824295 3.785578966 1.163006902
14.60137558 3.945817471 1.660336018
14.63097954 4.111791134 2.176333189
14.60864735 4.280744553 2.689866543
14.61070251 4.445333958 3.192010641
14.60477829 4.616805077 3.709853888
14.55343342 4.759041309 4.150185108
14.52227116 4.869823456 4.470113754
1.581197262 3.576631308 0.5468795896
1.535167575 3.756042719 1.073406458
1.538588881 3.904403448 1.529083729
1.545772672 4.065721035 2.025335312
1.547960043 4.230730534 2.531105518
1.554660082 4.397098064 3.044358253
1.53089273 4.5726614 3.583945751
1.524451494 4.684057236 3.921474695
1.498157978 4.856676102 4.44785881
15.03629112 3.591810703 0.5783746243
15.02341557 3.759296894 1.077326536
15.03628063 3.912314892 1.551888585
15.02968502 4.076383114 2.059621096
15.02543736 4.234063625 2.540891409
15.02102757 4.394032001 3.031975985
15.04538441 4.566751003 3.558138371
15.02904129 4.68614769 3.915584564
15.0303297 4.862131596 4.445476532
15.44013882 3.626250982 0.6791082621
15.52687836 3.772968054 1.122623801
15.52043915 3.92416048 1.588939548
15.53165436 4.095356464 2.120157957
15.52787018 4.26190424 2.628861189
15.52072811 4.424656391 3.129985809
15.53907394 4.583303452 3.607430935
15.5357666 4.701974392 3.960732698
15.48032761 4.866364479 4.460144043
15.97231865 3.688154459 0.8715466261
16.06435966 3.835949659 1.318992972
16.04135513 3.999968052 1.823970914
16.03292847 4.159091473 2.314804554
16.02841759 4.315089226 2.792249203
16.02009583 4.478155136 3.29210043
16.05328178 4.643611908 3.787543058
16.00904846 4.859851837 4.438063145
16.3391304 3.690202236 0.888477087
16.38949394 3.881302834 1.470428348
16.42921829 4.04390192 1.965608835
16.45199776 4.214912891 2.484459162
16.46570587 4.380603313 2.983095407
16.44906425 4.54792738 3.493721962
16.49205971 4.673510551 3.871900082
16.45042801 4.842740536 4.415298462
17.04152298 3.80751729 1.232414126
17.03465462 3.970157862 1.732731581
17.03492165 4.112710953 2.177521229
17.03014946 4.269901752 2.650334597
17.01959419 4.412382603 3.090963125
1.930747032 3.631432533 0.7067263126
1.895218253 3.789550543 1.174774647
1.934682965 3.955021143 1.685281396
1.967373133 4.117156029 2.182209253
1.984489083 4.269155979 2.652355671
1.976360559 4.440811634 3.17686224
1.977708697 4.601998329 3.668029785
1.961869478 4.735237122 4.074261189
1.870079994 4.863736153 4.475876808
2.500171185 3.580617666 0.553011477
2.502670288 3.756805658 1.079352498
2.547454119 3.912225962 1.555749536
2.539649963 4.082305908 2.080219507
2.53534627 4.241389275 2.566640377
2.546895504 4.398964882 3.050946236
2.520551205 4.566301823 3.562842131
2.547270536 4.679552078 3.905645132
2.515423775 4.849005699 4.430212975
3.03401351 3.574417353 0.5248654485
3.040892363 3.764803648 1.096832752
3.042041302 3.905119419 1.530946016
3.035312414 4.069618225 2.038703918
3.039351702 4.239551544 2.556972742
3.053198338 4.396589279 3.045908928
3.028998852 4.565934658 3.567649841
3.003610373 4.682980061 3.92605567
3.023530483 4.855116367 4.437029362
3.501708746 3.586265564 0.557169199
3.525571346 3.771683693 1.120026827
3.538938046 3.909016371 1.541403651
3.503664732 4.077242851 2.061053991
3.553935528 4.233564854 2.535454273
3.528756618 4.401678562 3.059607744
3.527092218 4.556898117 3.538551807
3.522680044 4.688680649 3.939176321
3.531701565 4.854924202 4.440384865
4.030192852 3.524806023 0.3800080419
3.978116512 3.665401697 0.7984169126
3.990538597 3.840269327 1.330011845
3.974171162 4.012317657 1.861785412
4.017278671 4.161074162 2.313717604
4.003978252 4.334144115 2.840171337
4.000614166 4.496687412 3.347301006
4.013403893 4.650519848 3.81836009
3.962706327 4.854488373 4.436572075
4.626724243 3.597778559 0.5958101749
4.525244236 3.772539854 1.133694053
4.401221752 3.950045586 1.686774969
4.575551033 4.11928606 2.191787243
4.581055164 4.275109768 2.656466722
4.588654041 4.444372177 3.182505369
4.582825661 4.60021162 3.662387848
4.594944477 4.745114326 4.109454632
4.638190269 4.866562843 4.485771656
0 3.409006357 0.01966358908
0.5 3.409006357 0.01966358908
1 3.409006357 0.01966358908
1.5 3.409006357 0.01966358908
2 3.409006357 0.01966358908
2.5 3.409006357 0.01966358908
3 3.409006357 0.01966358908
3.5 3.409006357 0.01966358908
4 3.409006357 0.01966358908
4.5 3.409006357 0.01966358908
5 3.409006357 0.01966358908
5.5 3.409006357 0.01966358908
6 3.409006357 0.01966358908
6.5 3.409006357 0.01966358908
7 3.409006357 0.01966358908
7.5 3.409006357 0.01966358908
8 3.409006357 0.01966358908
8.5 3.409006357 0.01966358908
9 3.409006357 0.01966358908
9.5 3.409006357 0.01966358908
10 3.409006357 0.01966358908
10.5 3.409006357 0.01966358908
11 3.409006357 0.01966358908
11.5 3.409006357 0.01966358908
12 3.409006357 0.01966358908
12.5 3.409006357 0.01966358908
13 3.409006357 0.01966358908
13.5 3.409006357 0.01966358908
14 3.409006357 0.01966358908
14.5 3.409006357 0.01966358908
15 3.409006357 0.01966358908
15.5 3.409006357 0.01966358908
16 3.409006357 0.01966358908
16.5 3.409006357 0.01966358908
17 3.409006357 0.01966358908
