A,149,161,153
A,150,162,154
A,151,163,155
A,11,12091,12
A,12091,1363,12
A,1363,13,12
A,1363,1364,13
A,1364,14,13
A,1364,1365,14
A,1365,1366,14
A,1366,15,14
A,1366,16,15
A,1366,1367,16
A,1367,17,16
A,1367,1368,17
A,1368,1369,17
A,1369,18,17
A,1369,19,18
A,1369,1370,19
A,1370,1371,19
A,1371,110,19
A,1371,111,110
A,1371,1372,111
A,1372,1373,111
A,1373,112,111
A,1373,113,112
A,1373,1374,113
A,1374,114,113
A,1374,1375,114
A,1375,1376,114
A,1376,115,114
A,1376,1377,115
A,1377,116,115
A,1377,1378,116
A,1378,117,116
A,1378,118,117
A,1378,1379,118
A,1379,1380,118
A,1380,119,118
A,1380,1381,119
A,1381,120,119
A,1381,1382,120
A,1382,121,120
A,1382,1383,121
A,1383,122,121
A,1383,123,122
A,1383,1384,123
A,1384,1385,123
A,1385,124,123
A,1385,125,124
A,1385,1386,125
A,1386,1387,125
A,1387,126,125
A,1387,127,126
A,1387,1388,127
A,1388,128,127
A,1388,1389,128
A,1389,1390,128
A,1390,129,128
A,1390,1391,129
A,1391,130,129
A,1391,131,130
A,1391,1392,131
A,1392,1393,131
A,1393,132,131
A,1393,12157,132
A,12157,133,132
A,12157,134,133
A,12157,1394,134
A,12157,1393,1394
A,1393,12158,1394
A,1393,1755,12158
A,1755,1756,12158
A,1755,12159,1756
A,1755,11080,12159
A,11080,11081,12159
A,11080,12160,11081
A,12160,11443,11081
A,12160,11442,11443
A,11442,12161,11443
A,12161,11800,11443
A,12161,11799,11800
A,11799,12162,11800
A,12162,12026,11800
A,12162,12025,12026
A,12025,12163,12026
A,12025,12058,12163
A,12058,12059,12163
A,12058,12164,12059
A,12058,12165,12164
A,12025,12024,12058
A,12024,12057,12058
A,12024,12056,12057
A,12024,12023,12056
A,12023,12055,12056
A,12023,12022,12055
A,12022,12021,12055
A,12021,12054,12055
A,12021,12020,12054
A,12020,12053,12054
A,12020,12052,12053
A,12020,12019,12052
A,12019,12018,12052
A,12018,12051,12052
A,12018,12050,12051
A,12018,12017,12050
A,12017,12049,12050
A,12049,12090,12050
A,12049,12089,12090
A,12049,12048,12089
A,12048,12047,12089
A,12047,12088,12089
A,12047,12087,12088
A,12047,12046,12087
A,12046,12086,12087
A,12046,12045,12086
A,12045,12085,12086
A,12045,12044,12085
A,12044,12043,12085
A,12043,12084,12085
A,12043,12075,12084
A,12075,12083,12084
A,12075,12042,12083
A,12042,12074,12083
A,12074,12082,12083
A,12074,12073,12082
A,12073,12081,12082
A,12081,160,12082
A,12081,159,160
A,159,148,160
A,159,147,148
A,147,177,148
A,177,178,148
A,178,152,148
A,152,149,148
A,152,178,149
A,178,179,149
A,178,1112,179
A,1112,1113,179
A,1113,180,179
A,1113,181,180
A,1113,1114,181
A,1114,182,181
A,1114,1115,182
A,1115,183,182
A,183,156,182
A,183,157,156
A,157,164,156
A,183,158,157
A,183,184,158
A,184,185,158
A,184,1118,185
A,1118,1119,185
A,1119,186,185
A,1119,187,186
A,1119,1120,187
A,1120,188,187
A,1120,1121,188
A,1121,1122,188
A,1122,189,188
A,1122,1123,189
A,1123,190,189
A,1123,191,190
A,1123,1124,191
A,1124,192,191
A,1124,1125,192
A,1125,1126,192
A,1126,193,192
A,1126,1127,193
A,1127,194,193
A,1127,195,194
A,1127,1128,195
A,1128,1129,195
A,1129,196,195
A,1129,12168,196
A,12168,197,196
A,197,12167,196
A,1129,1130,12168
A,1129,12169,1130
A,1129,1162,12169
A,1162,1163,12169
A,1162,12170,1163
A,1162,1195,12170
A,1195,1196,12170
A,1195,12171,1196
A,1195,1228,12171
A,1228,1229,12171
A,1228,12172,1229
A,1228,1261,12172
A,1261,1262,12172
A,1261,12173,1262
A,1261,1294,12173
A,1294,1295,12173
A,1294,12174,1295
A,1294,1328,12174
A,1294,1327,1328
A,1327,12175,1328
A,1327,1360,12175
A,1360,1361,12175
A,1360,12176,1361
A,1360,1426,12176
A,1426,1427,12176
A,1426,12177,1427
A,1426,1459,12177
A,1459,1460,12177
A,1459,12178,1460
A,1459,1492,12178
A,1492,1493,12178
A,1492,12179,1493
A,1492,1525,12179
A,1525,1526,12179
A,1525,12180,1526
A,1492,1491,1525
A,1491,1524,1525
A,1491,1490,1524
A,1490,1523,1524
A,1490,1522,1523
A,1490,1489,1522
A,1489,1521,1522
A,1521,1558,1522
A,1521,1557,1558
A,1557,1586,1558
A,1586,1587,1558
A,1586,1620,1587
A,1620,1588,1587
A,1620,1621,1588
A,1621,1622,1588
A,1622,1589,1588
A,1622,1623,1589
A,1623,1590,1589
A,1623,1624,1590
A,1624,12182,1590
A,12182,1591,1590
A,1591,12181,1590
A,1591,12182,12181
A,1623,12183,1624
A,1623,1656,12183
A,1656,1657,12183
A,1656,12184,1657
A,1656,1689,12184
A,1689,1690,12184
A,1689,12185,1690
A,1689,1722,12185
A,1722,1723,12185
A,1722,12186,1723
A,1722,1788,12186
A,1788,1789,12186
A,1788,12187,1789
A,1788,1821,12187
A,1821,1822,12187
A,1821,12188,1822
A,1821,1854,12188
A,1854,1855,12188
A,1854,12189,1855
A,1854,1887,12189
A,1887,1888,12189
A,1887,12190,1888
A,1887,1920,12190
A,1920,1921,12190
A,1920,12191,1921
A,1920,1953,12191
A,1953,1954,12191
A,1953,12192,1954
A,1953,1986,12192
A,1986,1987,12192
A,1986,12193,1987
A,1986,11019,12193
A,11019,11020,12193
A,11019,12194,11020
A,11019,12195,12194
A,1986,11018,11019
A,1986,1985,11018
A,1985,11017,11018
A,1985,1984,11017
A,1984,11016,11017
A,1984,1983,11016
A,1983,11015,11016
A,1983,1982,11015
A,1982,11014,11015
A,1982,1981,11014
A,1981,1980,11014
A,1980,11013,11014
A,1980,11012,11013
A,1980,1979,11012
A,1979,1978,11012
A,1978,11011,11012
A,1978,1977,11011
A,1977,11010,11011
A,11010,11043,11011
A,11010,11042,11043
A,11010,11009,11042
A,11009,11008,11042
A,11008,11041,11042
A,11008,11040,11041
A,11008,11007,11040
A,11007,11006,11040
A,11006,11039,11040
A,11006,11005,11039
A,11005,11038,11039
A,11005,11037,11038
A,11005,11004,11037
A,11004,11036,11037
A,11004,11003,11036
A,11003,11002,11036
A,11002,11035,11036
A,11002,11034,11035
A,11002,11001,11034
A,11001,11000,11034
A,11000,11033,11034
A,11000,1999,11033
A,1999,11032,11033
A,1999,1998,11032
A,1998,11031,11032
A,11031,11100,11032
A,11100,11093,11032
A,11100,11092,11093
A,11092,11123,11093
A,11123,11124,11093
A,11124,11101,11093
A,11101,11094,11093
A,11094,11102,11093
A,11094,11033,11102
A,11101,11125,11094
A,11125,11126,11094
A,11126,11095,11094
A,11126,11096,11095
A,11126,11127,11096
A,11127,11128,11096
A,11128,11097,11096
A,11097,11105,11096
A,11105,11036,11096
A,11097,11106,11105
A,11097,11098,11106
A,11098,11107,11106
A,11098,11099,11107
A,11099,11108,11107
A,11099,11130,11108
A,11130,11131,11108
A,11131,11132,11108
A,11132,11109,11108
A,11132,11133,11109
A,11133,11110,11109
A,11133,11111,11110
A,11133,11134,11111
A,11134,11135,11111
A,11135,11112,11111
A,11135,11136,11112
A,11135,11169,11136
A,11169,11170,11136
A,11170,11137,11136
A,11170,11171,11137
A,11171,11138,11137
A,11171,11139,11138
A,11171,11172,11139
A,11172,11173,11139
A,11173,11140,11139
A,11173,11174,11140
A,11174,11141,11140
A,11174,11142,11141
A,11174,11175,11142
A,11175,11176,11142
A,11176,11143,11142
A,11176,11177,11143
A,11177,11144,11143
A,11177,12198,11144
A,12198,11145,11144
A,11145,12197,11144
A,12198,11178,11145
A,12198,11177,11178
A,11177,12199,11178
A,11177,11210,12199
A,11210,11211,12199
A,11210,12200,11211
A,11210,11243,12200
A,11243,11244,12200
A,11243,12201,11244
A,11243,11276,12201
A,11276,11277,12201
A,11276,11309,11277
A,11309,12202,11277
A,11309,11310,12202
A,11309,12203,11310
A,11309,11342,12203
A,11342,11343,12203
A,11342,12204,11343
A,11342,11375,12204
A,11375,11376,12204
A,11375,12205,11376
A,11375,11408,12205
A,11408,11409,12205
A,11408,12206,11409
A,11408,12207,12206
A,11375,11407,11408
A,11375,11374,11407
A,11374,11373,11407
A,11373,11406,11407
A,11373,11372,11406
A,11372,11405,11406
A,11372,11371,11405
A,11371,11404,11405
A,11371,11370,11404
A,11370,11403,11404
A,11370,11369,11403
A,11369,11402,11403
A,11369,11368,11402
A,11368,11401,11402
A,11368,11400,11401
A,11368,11367,11400
A,11367,11366,11400
A,11366,11399,11400
A,11399,11474,11400
A,11399,11473,11474
A,11399,11398,11473
A,11398,11472,11473
A,11398,11397,11472
A,11397,11396,11472
A,11396,11471,11472
A,11471,11524,11472
A,11396,11395,11471
A,11395,11470,11471
A,11395,11394,11470
A,11394,11469,11470
A,11469,11504,11470
A,11469,11503,11504
A,11503,11521,11504
A,11521,11522,11504
A,11522,11523,11504
A,11523,11524,11504
A,11523,11557,11524
A,11557,11525,11524
A,11557,11558,11525
A,11558,11559,11525
A,11559,11526,11525
A,11559,11527,11526
A,11559,11560,11527
A,11560,11561,11527
A,11561,11528,11527
A,11561,11529,11528
A,11561,11562,11529
A,11562,11530,11529
A,11562,11563,11530
A,11563,11567,11530
A,11567,11564,11530
A,11564,11531,11530
A,11564,11568,11531
A,11568,11569,11531
A,11569,11532,11531
A,11569,11533,11532
A,11568,11600,11569
A,11600,11601,11569
A,11600,11633,11601
A,11633,11634,11601
A,11633,11662,11634
A,11662,11663,11634
A,11662,11696,11663
A,11696,11664,11663
A,11696,11697,11664
A,11697,11698,11664
A,11698,11665,11664
A,11698,11699,11665
A,11699,11666,11665
A,11699,12213,11666
A,12213,11667,11666
A,11667,12212,11666
A,11699,11700,12213
A,11699,12214,11700
A,11699,11732,12214
A,11732,11733,12214
A,11732,12215,11733
A,11732,11765,12215
A,11765,11766,12215
A,11765,12216,11766
A,11765,11832,12216
A,11832,11833,12216
A,11832,12217,11833
A,11832,11865,12217
A,11865,11866,12217
A,11865,12218,11866
A,12218,11899,11866
A,12218,11865,11899
A,11865,11898,11899
A,11898,12219,11899
A,11898,11931,12219
A,11931,11932,12219
A,11931,12220,11932
A,11898,11897,11931
A,11897,11930,11931
A,11897,11896,11930
A,11896,11929,11930
A,11896,11895,11929
A,11895,11928,11929
A,11895,11927,11928
A,11927,11964,11928
A,11927,11963,11964
A,11927,11926,11963
A,11926,11962,11963
A,11926,11925,11962
A,11925,11924,11962
A,11924,11961,11962
A,11924,11923,11961
A,11923,11960,11961
A,11923,11959,11960
A,11923,11922,11959
A,11922,11958,11959
A,11922,11921,11958
A,11921,11920,11958
A,11920,11957,11958
A,11920,11956,11957
A,11920,11919,11956
A,11919,11918,11956
A,11918,11955,11956
A,11918,11950,11955
A,11950,11954,11955
A,11950,11949,11954
A,11950,11916,11949
A,11916,11953,11949
A,11953,11981,11949
A,11916,11948,11953
A,11948,11952,11953
A,11948,11947,11952
A,11948,11914,11947
A,11914,11951,11947
A,11914,11946,11951
A,11914,11913,11946
A,11913,11912,11946
A,11912,11945,11946
A,11912,11944,11945
A,11912,11911,11944
A,11911,11943,11944
A,11911,11910,11943
A,11910,11942,11943
A,11910,11909,11942
A,11909,11941,11942
A,11909,11908,11941
A,11908,11907,11941
A,11907,11940,11941
A,11907,11906,11940
A,11906,11939,11940
A,11906,11938,11939
A,11938,11971,11939
A,11938,11970,11971
A,11906,11905,11938
A,11905,11904,11938
A,11904,11937,11938
A,11904,11936,11937
A,11904,11903,11936
A,11903,11935,11936
A,11903,11902,11935
A,11902,11901,11935
A,11901,11934,11935
A,11901,12154,11934
A,12154,11933,11934
A,11933,12155,11934
A,12155,12156,11934
A,12156,11966,11934
A,12156,11965,11966
A,11901,11900,12154
A,11901,12153,11900
A,11901,11868,12153
A,11868,11867,12153
A,11867,12152,12153
A,11867,11835,12152
A,11835,11834,12152
A,11835,12151,11834
A,11835,11802,12151
A,11802,11801,12151
A,11802,12150,11801
A,11802,11735,12150
A,11735,11734,12150
A,11735,12149,11734
A,11735,11702,12149
A,11702,11701,12149
A,11702,12148,11701
A,11702,11669,12148
A,11669,11668,12148
A,11669,11636,11668
A,11636,12147,11668
A,11636,11635,12147
A,11636,12146,11635
A,12146,11602,11635
A,12146,11603,11602
A,11603,12145,11602
A,11603,11571,12145
A,11571,11570,12145
A,11571,12144,11570
A,11571,11539,12144
A,11539,11538,12144
A,11539,12143,11538
A,11539,11506,12143
A,11506,11505,12143
A,11506,12142,11505
A,11506,11476,12142
A,11476,11475,12142
A,11476,12141,11475
A,11476,11445,12141
A,11445,11444,12141
A,11445,12140,11444
A,11445,11378,12140
A,11378,11377,12140
A,11377,12139,12140
A,11377,11378,12139
A,11378,11345,12139
A,11345,11344,12139
A,11345,12138,11344
A,11345,11312,12138
A,11312,11311,12138
A,11312,12137,11311
A,11312,11279,12137
A,11279,11278,12137
A,11279,12136,11278
A,11279,11246,12136
A,11246,11245,12136
A,11246,12135,11245
A,11246,11213,12135
A,11213,11212,12135
A,11213,12134,11212
A,11213,11180,12134
A,11180,11179,12134
A,11180,11147,11179
A,11180,11148,11147
A,11148,11114,11147
A,11114,12132,11147
A,12132,11146,11147
A,11114,11113,12132
A,11114,12131,11113
A,11114,11083,12131
A,11083,11082,12131
A,11083,12130,11082
A,11083,11022,12130
A,11022,12129,12130
A,11022,11021,12129
A,11022,12128,11021
A,11022,1988,12128
A,1988,12127,12128
A,1988,1956,12127
A,1956,1955,12127
A,1956,12126,1955
A,1956,1923,12126
A,1923,1922,12126
A,1923,12125,1922
A,1923,1890,12125
A,1890,1889,12125
A,1890,12124,1889
A,1890,1857,12124
A,1857,1856,12124
A,1857,12123,1856
A,1857,1824,12123
A,1824,1823,12123
A,1824,12122,1823
A,1824,1791,12122
A,1791,1790,12122
A,1791,12121,1790
A,1791,1758,12121
A,1758,1757,12121
A,1758,12120,1757
A,1758,1692,12120
A,1692,1691,12120
A,1692,12119,1691
A,1692,1659,12119
A,1659,1658,12119
A,1659,12118,1658
A,1659,1626,12118
A,1626,1625,12118
A,1626,12117,1625
A,1626,1593,12117
A,1593,1592,12117
A,1593,12116,1592
A,1593,1559,12116
A,1559,12115,12116
A,1559,1560,12115
A,1560,1528,12115
A,1528,1527,12115
A,1560,1561,1528
A,1561,1529,1528
A,1529,1495,1528
A,1529,1496,1495
A,1496,1463,1495
A,1463,1462,1495
A,1462,12113,1495
A,12113,1494,1495
A,1462,1461,12113
A,1462,12112,1461
A,1462,1429,12112
A,1429,1428,12112
A,1429,12111,1428
A,1429,1396,12111
A,1396,1395,12111
A,1396,12110,1395
A,1396,1330,12110
A,1330,1329,12110
A,1330,12109,1329
A,1330,1297,12109
A,1297,1296,12109
A,1297,12108,1296
A,1297,1264,12108
A,1264,1263,12108
A,1264,12107,1263
A,1264,1231,12107
A,1231,1230,12107
A,1231,12106,1230
A,1231,1198,12106
A,1198,1197,12106
A,1198,12105,1197
A,1198,1165,12105
A,1165,1164,12105
A,1165,12104,1164
A,1165,1132,12104
A,1132,1131,12104
A,1132,12103,1131
A,1132,199,12103
A,199,198,12103
A,199,12102,198
A,199,166,12102
A,166,165,12102
A,199,1100,166
A,1100,167,166
A,167,137,166
A,137,136,166
A,167,138,137
A,167,168,138
A,168,139,138
A,168,169,139
A,169,140,139
A,169,170,140
A,170,141,140
A,170,171,141
A,171,142,141
A,171,172,142
A,172,143,142
A,172,173,143
A,173,174,143
A,174,144,143
A,174,145,144
A,174,175,145
A,175,176,145
A,176,146,145
A,176,177,146
A,177,147,146
A,147,159,146
A,176,1110,177
A,1110,1111,177
A,1111,178,177
A,1111,1112,178
A,1111,1144,1112
A,1144,1145,1112
A,1145,1113,1112
A,1145,1146,1113
A,1146,1114,1113
A,1146,1147,1114
A,1147,1148,1114
A,1148,1115,1114
A,1148,1149,1115
A,1149,1116,1115
A,1116,183,1115
A,1116,1117,183
A,1117,184,183
A,1117,1118,184
A,1117,1150,1118
A,1150,1151,1118
A,1151,1119,1118
A,1151,1152,1119
A,1152,1153,1119
A,1153,1120,1119
A,1153,1121,1120
A,1153,1154,1121
A,1154,1122,1121
A,1154,1155,1122
A,1155,1156,1122
A,1156,1123,1122
A,1156,1157,1123
A,1157,1124,1123
A,1157,1158,1124
A,1158,1125,1124
A,1158,1126,1125
A,1158,1159,1126
A,1159,1160,1126
A,1160,1127,1126
A,1160,1161,1127
A,1161,1128,1127
A,1161,1129,1128
A,1161,1162,1129
A,1161,1194,1162
A,1194,1195,1162
A,1194,1228,1195
A,1194,1227,1228
A,1227,1261,1228
A,1227,1260,1261
A,1260,1293,1261
A,1293,1294,1261
A,1293,1327,1294
A,1293,1326,1327
A,1326,1360,1327
A,1326,1359,1360
A,1359,1425,1360
A,1425,1426,1360
A,1425,1458,1426
A,1458,1459,1426
A,1458,1492,1459
A,1458,1491,1492
A,1458,1457,1491
A,1457,1490,1491
A,1457,1456,1490
A,1456,1489,1490
A,1456,1488,1489
A,1488,1521,1489
A,1488,1520,1521
A,1520,1557,1521
A,1520,1556,1557
A,1556,1585,1557
A,1585,1586,1557
A,1585,1619,1586
A,1619,1620,1586
A,1619,1652,1620
A,1652,1653,1620
A,1653,1621,1620
A,1653,1654,1621
A,1654,1655,1621
A,1655,1622,1621
A,1655,1623,1622
A,1655,1656,1623
A,1655,1688,1656
A,1688,1689,1656
A,1688,1722,1689
A,1688,1721,1722
A,1721,1788,1722
A,1721,1787,1788
A,1787,1821,1788
A,1787,1820,1821
A,1820,1854,1821
A,1820,1853,1854
A,1853,1886,1854
A,1886,1887,1854
A,1886,1920,1887
A,1886,1919,1920
A,1919,1952,1920
A,1952,1953,1920
A,1952,1985,1953
A,1985,1986,1953
A,1952,1951,1985
A,1951,1984,1985
A,1951,1950,1984
A,1950,1983,1984
A,1950,1949,1983
A,1949,1982,1983
A,1949,1981,1982
A,1949,1948,1981
A,1948,1947,1981
A,1947,1980,1981
A,1947,1946,1980
A,1946,1979,1980
A,1946,1945,1979
A,1945,1978,1979
A,1945,1977,1978
A,1945,1944,1977
A,1944,1976,1977
A,1976,11010,1977
A,1976,11009,11010
A,1976,1975,11009
A,1975,11008,11009
A,1975,11007,11008
A,1975,1974,11007
A,1974,1973,11007
A,1973,11006,11007
A,1973,1972,11006
A,1972,11005,11006
A,1972,1971,11005
A,1971,11004,11005
A,1971,11003,11004
A,1971,1970,11003
A,1970,1969,11003
A,1969,11002,11003
A,1969,11001,11002
A,1969,1968,11001
A,1968,1967,11001
A,1967,11000,11001
A,1967,1966,11000
A,1966,1999,11000
A,1966,1998,1999
A,1966,1965,1998
A,1965,1997,1998
A,1997,11031,1998
A,1997,11030,11031
A,1997,1996,11030
A,1996,11029,11030
A,1996,11028,11029
A,11028,11048,11029
A,11028,11047,11048
A,11028,11027,11047
A,11027,11088,11047
A,11028,1994,11027
A,1994,11026,11027
A,1994,1993,11026
A,1993,1992,11026
A,1992,11025,11026
A,1992,11044,11025
A,11044,11024,11025
A,11044,1991,11024
A,1991,1990,11024
A,1990,11023,11024
A,1990,1989,11023
A,1989,11022,11023
A,1989,1988,11022
A,1989,1956,1988
A,1989,1990,1956
A,1990,1957,1956
A,1957,1923,1956
A,1957,1924,1923
A,1924,1891,1923
A,1891,1890,1923
A,1891,1858,1890
A,1858,1857,1890
A,1858,1824,1857
A,1858,1825,1824
A,1825,1791,1824
A,1825,1792,1791
A,1792,1759,1791
A,1759,1758,1791
A,1759,1693,1758
A,1693,1692,1758
A,1693,1660,1692
A,1660,1659,1692
A,1660,1627,1659
A,1627,1626,1659
A,1627,1593,1626
A,1627,1594,1593
A,1594,1560,1593
A,1560,1559,1593
A,1594,1561,1560
A,1594,1595,1561
A,1595,1562,1561
A,1562,1529,1561
A,1562,1530,1529
A,1530,1496,1529
A,1530,1497,1496
A,1497,1463,1496
A,1497,1464,1463
A,1464,1431,1463
A,1431,1430,1463
A,1430,1429,1463
A,1429,1462,1463
A,1430,1397,1429
A,1397,1396,1429
A,1397,1331,1396
A,1331,1330,1396
A,1331,1297,1330
A,1331,1298,1297
A,1298,1265,1297
A,1265,1264,1297
A,1265,1231,1264
A,1265,1232,1231
A,1232,1198,1231
A,1232,1199,1198
A,1199,1166,1198
A,1166,1165,1198
A,1166,1133,1165
A,1133,1132,1165
A,1133,199,1132
A,1133,1100,199
A,1133,1101,1100
A,1101,168,1100
A,168,167,1100
A,1101,1102,168
A,1102,169,168
A,1102,1103,169
A,1103,170,169
A,1103,1104,170
A,1104,171,170
A,1104,1105,171
A,1105,172,171
A,1105,1106,172
A,1106,173,172
A,1106,1107,173
A,1107,174,173
A,1107,1108,174
A,1108,175,174
A,1108,1109,175
A,1109,176,175
A,1109,1110,176
A,1109,1142,1110
A,1142,1143,1110
A,1143,1111,1110
A,1143,1144,1111
A,1143,1177,1144
A,1177,1145,1144
A,1177,1178,1145
A,1178,1146,1145
A,1178,1179,1146
A,1179,1180,1146
A,1180,1147,1146
A,1180,1148,1147
A,1180,1181,1148
A,1181,1149,1148
A,1181,1182,1149
A,1182,1183,1149
A,1183,1150,1149
A,1150,1117,1149
A,1117,1116,1149
A,1183,1184,1150
A,1184,1151,1150
A,1184,1185,1151
A,1185,1152,1151
A,1185,1186,1152
A,1186,1153,1152
A,1186,1154,1153
A,1186,1187,1154
A,1187,1188,1154
A,1188,1155,1154
A,1188,1156,1155
A,1188,1189,1156
A,1189,1157,1156
A,1189,1190,1157
A,1190,1191,1157
A,1191,1158,1157
A,1191,1159,1158
A,1191,1192,1159
A,1192,1193,1159
A,1193,1160,1159
A,1193,1161,1160
A,1193,1194,1161
A,1193,1226,1194
A,1226,1227,1194
A,1226,1259,1227
A,1259,1260,1227
A,1259,1292,1260
A,1292,1293,1260
A,1292,1325,1293
A,1325,1326,1293
A,1325,1359,1326
A,1325,1358,1359
A,1358,1424,1359
A,1424,1425,1359
A,1424,1458,1425
A,1424,1457,1458
A,1424,1456,1457
A,1424,1423,1456
A,1423,1422,1456
A,1422,1455,1456
A,1455,1488,1456
A,1455,1454,1488
A,1454,1487,1488
A,1487,1520,1488
A,1487,1519,1520
A,1519,1556,1520
A,1519,1555,1556
A,1555,1584,1556
A,1584,1585,1556
A,1584,1618,1585
A,1618,1619,1585
A,1618,1651,1619
A,1651,1652,1619
A,1651,1684,1652
A,1684,1685,1652
A,1685,1686,1652
A,1686,1653,1652
A,1686,1654,1653
A,1686,1687,1654
A,1687,1655,1654
A,1687,1688,1655
A,1687,1721,1688
A,1687,1720,1721
A,1720,1786,1721
A,1786,1787,1721
A,1786,1819,1787
A,1819,1820,1787
A,1819,1852,1820
A,1852,1853,1820
A,1852,1885,1853
A,1885,1886,1853
A,1885,1918,1886
A,1918,1919,1886
A,1918,1952,1919
A,1918,1951,1952
A,1918,1917,1951
A,1917,1950,1951
A,1917,1949,1950
A,1917,1916,1949
A,1916,1948,1949
A,1916,1915,1948
A,1915,1947,1948
A,1915,1914,1947
A,1914,1946,1947
A,1914,1913,1946
A,1913,1912,1946
A,1912,1945,1946
A,1912,1944,1945
A,1912,1911,1944
A,1911,1943,1944
A,1943,1976,1944
A,1943,1942,1976
A,1942,1975,1976
A,1942,1974,1975
A,1942,1941,1974
A,1941,1940,1974
A,1940,1973,1974
A,1940,1972,1973
A,1940,1939,1972
A,1939,1971,1972
A,1939,1938,1971
A,1938,1937,1971
A,1937,1970,1971
A,1937,1936,1970
A,1936,1969,1970
A,1936,1935,1969
A,1935,1968,1969
A,1935,1934,1968
A,1934,1967,1968
A,1934,1966,1967
A,1934,1933,1966
A,1933,1965,1966
A,1933,1932,1965
A,1932,1964,1965
A,1964,1997,1965
A,1964,1996,1997
A,1964,1963,1996
A,1963,1962,1996
A,1962,1995,1996
A,1995,11028,1996
A,1995,1994,11028
A,1995,1961,1994
A,1961,1993,1994
A,1961,1960,1993
A,1960,1959,1993
A,1959,1992,1993
A,1959,1991,1992
A,1991,11044,1992
A,1959,1958,1991
A,1958,1957,1991
A,1957,1990,1991
A,1958,1924,1957
A,1958,1925,1924
A,1925,1891,1924
A,1925,1892,1891
A,1892,1859,1891
A,1859,1858,1891
A,1859,1825,1858
A,1859,1826,1825
A,1826,1793,1825
A,1793,1792,1825
A,1793,1759,1792
A,1793,1760,1759
A,1760,1693,1759
A,1760,1694,1693
A,1694,1661,1693
A,1661,1660,1693
A,1661,1627,1660
A,1661,1628,1627
A,1628,1595,1627
A,1595,1594,1627
A,1628,1629,1595
A,1629,1596,1595
A,1596,1562,1595
A,1596,1563,1562
A,1563,1531,1562
A,1531,1530,1562
A,1531,1497,1530
A,1531,1498,1497
A,1498,1465,1497
A,1465,1464,1497
A,1465,1432,1464
A,1432,1431,1464
A,1432,1398,1431
A,1398,1430,1431
A,1398,1397,1430
A,1398,1332,1397
A,1332,1331,1397
A,1332,1298,1331
A,1332,1299,1298
A,1299,1265,1298
A,1299,1266,1265
A,1266,1233,1265
A,1233,1232,1265
A,1233,1200,1232
A,1200,1199,1232
A,1200,1167,1199
A,1167,1166,1199
A,1167,1134,1166
A,1134,1133,1166
A,1134,1101,1133
A,1134,1102,1101
A,1134,1135,1102
A,1135,1103,1102
A,1135,1136,1103
A,1136,1104,1103
A,1136,1137,1104
A,1137,1105,1104
A,1137,1138,1105
A,1138,1139,1105
A,1139,1106,1105
A,1139,1107,1106
A,1139,1140,1107
A,1140,1108,1107
A,1140,1141,1108
A,1141,1109,1108
A,1141,1142,1109
A,1141,1175,1142
A,1175,1176,1142
A,1176,1143,1142
A,1176,1177,1143
A,1176,1210,1177
A,1210,1211,1177
A,1211,1178,1177
A,1211,1212,1178
A,1212,1179,1178
A,1212,1213,1179
A,1213,1180,1179
A,1213,1181,1180
A,1213,1214,1181
A,1214,1215,1181
A,1215,1182,1181
A,1215,1216,1182
A,1216,1183,1182
A,1216,1184,1183
A,1216,1217,1184
A,1217,1218,1184
A,1218,1185,1184
A,1218,1186,1185
A,1218,1219,1186
A,1219,1220,1186
A,1220,1187,1186
A,1220,1188,1187
A,1220,1221,1188
A,1221,1222,1188
A,1222,1189,1188
A,1222,1223,1189
A,1223,1190,1189
A,1223,1224,1190
A,1224,1191,1190
A,1224,1192,1191
A,1224,1225,1192
A,1225,1226,1192
A,1226,1193,1192
A,1225,1259,1226
A,1225,1258,1259
A,1258,1291,1259
A,1291,1292,1259
A,1291,1324,1292
A,1324,1325,1292
A,1324,1358,1325
A,1324,1357,1358
A,1357,1423,1358
A,1423,1424,1358
A,1357,1356,1423
A,1356,1422,1423
A,1356,1421,1422
A,1421,1455,1422
A,1421,1454,1455
A,1421,1453,1454
A,1453,1486,1454
A,1486,1487,1454
A,1486,1519,1487
A,1486,1518,1519
A,1518,1555,1519
A,1518,1517,1555
A,1517,1554,1555
A,1554,1583,1555
A,1583,1584,1555
A,1583,1616,1584
A,1616,1617,1584
A,1617,1618,1584
A,1617,1650,1618
A,1650,1651,1618
A,1650,1684,1651
A,1650,1683,1684
A,1683,1717,1684
A,1717,1685,1684
A,1717,1718,1685
A,1718,1719,1685
A,1719,1686,1685
A,1719,1687,1686
A,1719,1720,1687
A,1719,1785,1720
A,1785,1786,1720
A,1785,1819,1786
A,1785,1818,1819
A,1818,1852,1819
A,1818,1851,1852
A,1851,1885,1852
A,1851,1884,1885
A,1884,1917,1885
A,1917,1918,1885
A,1884,1916,1917
A,1884,1883,1916
A,1883,1882,1916
A,1882,1915,1916
A,1882,1881,1915
A,1881,1914,1915
A,1881,1880,1914
A,1880,1913,1914
A,1880,1879,1913
A,1879,1912,1913
A,1879,1878,1912
A,1878,1911,1912
A,1878,1877,1911
A,1877,1910,1911
A,1910,1943,1911
A,1910,1942,1943
A,1910,1909,1942
A,1909,1941,1942
A,1909,1908,1941
A,1908,1907,1941
A,1907,1940,1941
A,1907,1939,1940
A,1907,1906,1939
A,1906,1905,1939
A,1905,1938,1939
A,1905,1937,1938
A,1905,1904,1937
A,1904,1903,1937
A,1903,1936,1937
A,1903,1902,1936
A,1902,1935,1936
A,1902,1901,1935
A,1901,1934,1935
A,1901,1900,1934
A,1900,1933,1934
A,1900,1899,1933
A,1899,1932,1933
A,1899,1898,1932
A,1898,1931,1932
A,1931,1964,1932
A,1931,1963,1964
A,1931,1930,1963
A,1930,1962,1963
A,1930,1929,1962
A,1929,1928,1962
A,1928,1961,1962
A,1961,1995,1962
A,1928,1960,1961
A,1928,1927,1960
A,1927,1926,1960
A,1926,1959,1960
A,1926,1925,1959
A,1925,1958,1959
A,1926,1893,1925
A,1893,1892,1925
A,1893,1860,1892
A,1860,1859,1892
A,1860,1826,1859
A,1860,1827,1826
A,1827,1794,1826
A,1794,1793,1826
A,1794,1760,1793
A,1794,1761,1760
A,1761,1694,1760
A,1761,1695,1694
A,1695,1661,1694
A,1695,1662,1661
A,1662,1628,1661
A,1662,1629,1628
A,1662,1663,1629
A,1663,1630,1629
A,1630,1597,1629
A,1597,1596,1629
A,1597,1563,1596
A,1597,1564,1563
A,1564,1532,1563
A,1532,1531,1563
A,1532,1498,1531
A,1532,1499,1498
A,1499,1466,1498
A,1466,1465,1498
A,1466,1432,1465
A,1466,1433,1432
A,1433,1400,1432
A,1400,1399,1432
A,1399,1398,1432
A,1399,1333,1398
A,1333,1332,1398
A,1333,1300,1332
A,1300,1299,1332
A,1300,1266,1299
A,1300,1267,1266
A,1267,1234,1266
A,1234,1233,1266
A,1234,1200,1233
A,1234,1201,1200
A,1201,1168,1200
A,1168,1167,1200
A,1168,1135,1167
A,1135,1134,1167
A,1168,1169,1135
A,1169,1136,1135
A,1169,1170,1136
A,1170,1137,1136
A,1170,1171,1137
A,1171,1138,1137
A,1171,1139,1138
A,1171,1172,1139
A,1172,1140,1139
A,1172,1173,1140
A,1173,1174,1140
A,1174,1141,1140
A,1174,1175,1141
A,1174,1207,1175
A,1207,1208,1175
A,1208,1209,1175
A,1209,1176,1175
A,1209,1210,1176
A,1209,1242,1210
A,1242,1243,1210
A,1243,1211,1210
A,1243,1244,1211
A,1244,1212,1211
A,1244,1245,1212
A,1245,1246,1212
A,1246,1213,1212
A,1246,1247,1213
A,1247,1214,1213
A,1247,1248,1214
A,1248,1215,1214
A,1248,1216,1215
A,1248,1249,1216
A,1249,1250,1216
A,1250,1217,1216
A,1250,1251,1217
A,1251,1218,1217
A,1251,1219,1218
A,1251,1252,1219
A,1252,1253,1219
A,1253,1220,1219
A,1253,1254,1220
A,1254,1221,1220
A,1254,1255,1221
A,1255,1222,1221
A,1255,1256,1222
A,1256,1223,1222
A,1256,1224,1223
A,1256,1257,1224
A,1257,1258,1224
A,1258,1225,1224
A,1257,1291,1258
A,1257,1290,1291
A,1290,1324,1291
A,1290,1323,1324
A,1323,1357,1324
A,1323,1356,1357
A,1323,1322,1356
A,1322,1355,1356
A,1355,1421,1356
A,1355,1420,1421
A,1420,1453,1421
A,1420,1452,1453
A,1452,1486,1453
A,1452,1485,1486
A,1485,1518,1486
A,1485,1517,1518
A,1485,1484,1517
A,1484,1516,1517
A,1516,1554,1517
A,1516,1553,1554
A,1553,1581,1554
A,1581,1582,1554
A,1582,1583,1554
A,1582,1616,1583
A,1582,1615,1616
A,1615,1649,1616
A,1649,1617,1616
A,1649,1650,1617
A,1649,1683,1650
A,1649,1682,1683
A,1682,1715,1683
A,1715,1716,1683
A,1716,1717,1683
A,1716,1783,1717
A,1783,1718,1717
A,1783,1784,1718
A,1784,1785,1718
A,1785,1719,1718
A,1784,1817,1785
A,1817,1818,1785
A,1817,1851,1818
A,1817,1850,1851
A,1850,1884,1851
A,1850,1883,1884
A,1850,1849,1883
A,1849,1882,1883
A,1849,1881,1882
A,1849,1848,1881
A,1848,1880,1881
A,1848,1847,1880
A,1847,1879,1880
A,1847,1846,1879
A,1846,1878,1879
A,1846,1845,1878
A,1845,1877,1878
A,1845,1844,1877
A,1844,1843,1877
A,1843,1876,1877
A,1876,1909,1877
A,1909,1910,1877
A,1876,1875,1909
A,1875,1908,1909
A,1875,1907,1908
A,1875,1874,1907
A,1874,1906,1907
A,1874,1873,1906
A,1873,1872,1906
A,1872,1905,1906
A,1872,1871,1905
A,1871,1904,1905
A,1871,1870,1904
A,1870,1903,1904
A,1870,1902,1903
A,1870,1869,1902
A,1869,1868,1902
A,1868,1901,1902
A,1868,1900,1901
A,1868,1867,1900
A,1867,1899,1900
A,1867,1866,1899
A,1866,1898,1899
A,1866,1865,1898
A,1865,1897,1898
A,1897,1930,1898
A,1930,1931,1898
A,1897,1929,1930
A,1897,1896,1929
A,1896,1895,1929
A,1895,1928,1929
A,1895,1927,1928
A,1895,1894,1927
A,1894,1893,1927
A,1893,1926,1927
A,1894,1861,1893
A,1861,1860,1893
A,1861,1828,1860
A,1828,1827,1860
A,1828,1795,1827
A,1795,1794,1827
A,1795,1762,1794
A,1762,1761,1794
A,1762,1695,1761
A,1762,1696,1695
A,1696,1663,1695
A,1663,1662,1695
A,1696,1697,1663
A,1697,1664,1663
A,1664,1630,1663
A,1664,1631,1630
A,1631,1597,1630
A,1631,1598,1597
A,1598,1564,1597
A,1598,1565,1564
A,1565,1533,1564
A,1533,1532,1564
A,1533,1499,1532
A,1533,1500,1499
A,1500,1467,1499
A,1467,1466,1499
A,1467,1433,1466
A,1467,1434,1433
A,1434,1400,1433
A,1434,1401,1400
A,1401,1335,1400
A,1335,1334,1400
A,1334,1333,1400
A,1333,1399,1400
A,1334,1300,1333
A,1334,1301,1300
A,1301,1267,1300
A,1301,1268,1267
A,1268,1235,1267
A,1235,1234,1267
A,1235,1201,1234
A,1235,1202,1201
A,1202,1169,1201
A,1169,1168,1201
A,1202,1203,1169
A,1203,1170,1169
A,1203,1171,1170
A,1203,1204,1171
A,1204,1172,1171
A,1204,1205,1172
A,1205,1173,1172
A,1205,1206,1173
A,1206,1174,1173
A,1206,1207,1174
A,1206,1240,1207
A,1240,1241,1207
A,1241,1208,1207
A,1241,1209,1208
A,1241,1242,1209
A,1241,1275,1242
A,1275,1276,1242
A,1276,1243,1242
A,1276,1277,1243
A,1277,1244,1243
A,1277,1245,1244
A,1277,1278,1245
A,1278,1246,1245
A,1278,1279,1246
A,1279,1247,1246
A,1279,1280,1247
A,1280,1281,1247
A,1281,1248,1247
A,1281,1249,1248
A,1281,1282,1249
A,1282,1250,1249
A,1282,1283,1250
A,1283,1284,1250
A,1284,1251,1250
A,1284,1285,1251
A,1285,1252,1251
A,1285,1286,1252
A,1286,1253,1252
A,1286,1254,1253
A,1286,1287,1254
A,1287,1255,1254
A,1287,1288,1255
A,1288,1256,1255
A,1288,1289,1256
A,1289,1290,1256
A,1290,1257,1256
A,1289,1322,1290
A,1322,1323,1290
A,1289,1321,1322
A,1321,1355,1322
A,1321,1354,1355
A,1354,1420,1355
A,1354,1353,1420
A,1353,1419,1420
A,1419,1452,1420
A,1419,1418,1452
A,1418,1451,1452
A,1451,1485,1452
A,1451,1484,1485
A,1451,1450,1484
A,1450,1483,1484
A,1483,1516,1484
A,1483,1515,1516
A,1515,1552,1516
A,1552,1553,1516
A,1552,1581,1553
A,1552,1580,1581
A,1580,1613,1581
A,1613,1614,1581
A,1614,1582,1581
A,1614,1615,1582
A,1614,1647,1615
A,1647,1648,1615
A,1648,1649,1615
A,1648,1682,1649
A,1648,1681,1682
A,1681,1715,1682
A,1681,1714,1715
A,1714,1780,1715
A,1780,1781,1715
A,1781,1716,1715
A,1781,1782,1716
A,1782,1783,1716
A,1782,1816,1783
A,1816,1784,1783
A,1816,1817,1784
A,1816,1850,1817
A,1816,1849,1850
A,1816,1815,1849
A,1815,1848,1849
A,1815,1847,1848
A,1815,1814,1847
A,1814,1813,1847
A,1813,1846,1847
A,1813,1812,1846
A,1812,1845,1846
A,1812,1844,1845
A,1812,1811,1844
A,1811,1810,1844
A,1810,1843,1844
A,1810,1809,1843
A,1809,1842,1843
A,1842,1876,1843
A,1842,1875,1876
A,1842,1841,1875
A,1841,1874,1875
A,1841,1840,1874
A,1840,1873,1874
A,1840,1839,1873
A,1839,1872,1873
A,1839,1871,1872
A,1839,1838,1871
A,1838,1837,1871
A,1837,1870,1871
A,1837,1836,1870
A,1836,1869,1870
A,1836,1868,1869
A,1836,1835,1868
A,1835,1867,1868
A,1835,1834,1867
A,1834,1866,1867
A,1834,1833,1866
A,1833,1832,1866
A,1832,1865,1866
A,1832,1831,1865
A,1831,1864,1865
A,1864,1897,1865
A,1864,1896,1897
A,1864,1863,1896
A,1863,1895,1896
A,1863,1862,1895
A,1862,1894,1895
A,1862,1861,1894
A,1862,1828,1861
A,1862,1829,1828
A,1829,1795,1828
A,1829,1796,1795
A,1796,1762,1795
A,1796,1763,1762
A,1763,1696,1762
A,1763,1697,1696
A,1763,1698,1697
A,1698,1665,1697
A,1665,1664,1697
A,1665,1631,1664
A,1665,1632,1631
A,1632,1598,1631
A,1632,1599,1598
A,1599,1566,1598
A,1566,1565,1598
A,1566,1534,1565
A,1534,1533,1565
A,1534,1501,1533
A,1501,1500,1533
A,1501,1468,1500
A,1468,1467,1500
A,1468,1434,1467
A,1468,1435,1434
A,1435,1401,1434
A,1435,1402,1401
A,1402,1336,1401
A,1336,1335,1401
A,1336,1303,1335
A,1303,1302,1335
A,1302,1301,1335
A,1301,1334,1335
A,1302,1268,1301
A,1302,1269,1268
A,1269,1236,1268
A,1236,1235,1268
A,1236,1202,1235
A,1236,1203,1202
A,1236,1237,1203
A,1237,1204,1203
A,1237,1238,1204
A,1238,1205,1204
A,1238,1239,1205
A,1239,1206,1205
A,1239,1240,1206
A,1239,1272,1240
A,1272,1273,1240
A,1273,1274,1240
A,1274,1241,1240
A,1274,1275,1241
A,1274,1307,1275
A,1307,1308,1275
A,1308,1309,1275
A,1309,1276,1275
A,1309,1310,1276
A,1310,1277,1276
A,1310,1278,1277
A,1310,1311,1278
A,1311,1312,1278
A,1312,1279,1278
A,1312,1280,1279
A,1312,1313,1280
A,1313,1281,1280
A,1313,1314,1281
A,1314,1315,1281
A,1315,1282,1281
A,1315,1316,1282
A,1316,1283,1282
A,1316,1284,1283
A,1316,1317,1284
A,1317,1318,1284
A,1318,1285,1284
A,1318,1319,1285
A,1319,1286,1285
A,1319,1287,1286
A,1319,1320,1287
A,1320,1321,1287
A,1321,1288,1287
A,1321,1289,1288
A,1320,1354,1321
A,1320,1353,1354
A,1320,1352,1353
A,1352,1418,1353
A,1418,1419,1353
A,1352,1417,1418
A,1417,1450,1418
A,1450,1451,1418
A,1417,1416,1450
A,1416,1449,1450
A,1449,1483,1450
A,1449,1482,1483
A,1482,1515,1483
A,1482,1481,1515
A,1481,1514,1515
A,1514,1552,1515
A,1514,1551,1552
A,1551,1580,1552
A,1551,1579,1580
A,1579,1612,1580
A,1612,1613,1580
A,1612,1645,1613
A,1645,1646,1613
A,1646,1647,1613
A,1647,1614,1613
A,1646,1679,1647
A,1679,1680,1647
A,1680,1681,1647
A,1681,1648,1647
A,1680,1714,1681
A,1680,1713,1714
A,1713,1779,1714
A,1779,1780,1714
A,1779,1813,1780
A,1813,1781,1780
A,1813,1814,1781
A,1814,1782,1781
A,1814,1815,1782
A,1815,1816,1782
A,1779,1812,1813
A,1779,1811,1812
A,1779,1778,1811
A,1778,1810,1811
A,1778,1777,1810
A,1777,1776,1810
A,1776,1809,1810
A,1776,1775,1809
A,1775,1808,1809
A,1808,1842,1809
A,1808,1841,1842
A,1808,1840,1841
A,1808,1807,1840
A,1807,1806,1840
A,1806,1839,1840
A,1806,1838,1839
A,1806,1805,1838
A,1805,1837,1838
A,1805,1804,1837
A,1804,1836,1837
A,1804,1803,1836
A,1803,1802,1836
A,1802,1835,1836
A,1802,1801,1835
A,1801,1834,1835
A,1801,1800,1834
A,1800,1833,1834
A,1800,1832,1833
A,1800,1799,1832
A,1799,1798,1832
A,1798,1831,1832
A,1798,1797,1831
A,1797,1830,1831
A,1830,1864,1831
A,1830,1863,1864
A,1830,1862,1863
A,1830,1829,1862
A,1830,1797,1829
A,1797,1796,1829
A,1797,1763,1796
A,1797,1764,1763
A,1764,1698,1763
A,1764,1765,1698
A,1765,1699,1698
A,1699,1665,1698
A,1699,1666,1665
A,1666,1633,1665
A,1633,1632,1665
A,1633,1600,1632
A,1600,1599,1632
A,1600,1566,1599
A,1600,1567,1566
A,1567,1534,1566
A,1567,1535,1534
A,1535,1501,1534
A,1535,1502,1501
A,1502,1469,1501
A,1469,1468,1501
A,1469,1435,1468
A,1469,1436,1435
A,1436,1402,1435
A,1436,1403,1402
A,1403,1337,1402
A,1337,1336,1402
A,1337,1303,1336
A,1337,1304,1303
A,1304,1270,1303
A,1270,1269,1303
A,1269,1302,1303
A,1270,1237,1269
A,1237,1236,1269
A,1270,1238,1237
A,1270,1271,1238
A,1271,1239,1238
A,1271,1272,1239
A,1271,1304,1272
A,1304,1305,1272
A,1305,1306,1272
A,1306,1273,1272
A,1306,1307,1273
A,1307,1274,1273
A,1306,1339,1307
A,1339,1340,1307
A,1340,1308,1307
A,1340,1341,1308
A,1341,1309,1308
A,1341,1342,1309
A,1342,1343,1309
A,1343,1310,1309
A,1343,1344,1310
A,1344,1311,1310
A,1344,1345,1311
A,1345,1312,1311
A,1345,1346,1312
A,1346,1313,1312
A,1346,1314,1313
A,1346,1347,1314
A,1347,1348,1314
A,1348,1315,1314
A,1348,1349,1315
A,1349,1316,1315
A,1349,1317,1316
A,1349,1350,1317
A,1350,1351,1317
A,1351,1318,1317
A,1351,1319,1318
A,1351,1352,1319
A,1352,1320,1319
A,1351,1417,1352
A,1351,1350,1417
A,1350,1416,1417
A,1350,1415,1416
A,1415,1449,1416
A,1415,1448,1449
A,1448,1482,1449
A,1448,1481,1482
A,1448,1447,1481
A,1447,1480,1481
A,1480,1513,1481
A,1513,1514,1481
A,1513,1550,1514
A,1550,1551,1514
A,1550,1579,1551
A,1550,1578,1579
A,1578,1611,1579
A,1611,1612,1579
A,1611,1645,1612
A,1611,1644,1645
A,1644,1677,1645
A,1677,1678,1645
A,1678,1646,1645
A,1678,1679,1646
A,1678,1711,1679
A,1711,1712,1679
A,1712,1680,1679
A,1712,1713,1680
A,1712,1778,1713
A,1778,1779,1713
A,1712,1711,1778
A,1711,1777,1778
A,1711,1710,1777
A,1710,1776,1777
A,1710,1775,1776
A,1710,1709,1775
A,1709,1774,1775
A,1774,1807,1775
A,1807,1808,1775
A,1774,1773,1807
A,1773,1806,1807
A,1773,1772,1806
A,1772,1805,1806
A,1772,1804,1805
A,1772,1771,1804
A,1771,1770,1804
A,1770,1803,1804
A,1770,1802,1803
A,1770,1769,1802
A,1769,1801,1802
A,1769,1768,1801
A,1768,1800,1801
A,1768,1767,1800
A,1767,1799,1800
A,1767,1766,1799
A,1766,1765,1799
A,1765,1798,1799
A,1765,1764,1798
A,1764,1797,1798
A,1766,1700,1765
A,1700,1699,1765
A,1700,1666,1699
A,1700,1667,1666
A,1667,1633,1666
A,1667,1634,1633
A,1634,1601,1633
A,1601,1600,1633
A,1601,1568,1600
A,1568,1567,1600
A,1568,1536,1567
A,1536,1535,1567
A,1536,1502,1535
A,1536,1503,1502
A,1503,1470,1502
A,1470,1469,1502
A,1470,1436,1469
A,1470,1437,1436
A,1437,1403,1436
A,1437,1404,1403
A,1404,1338,1403
A,1338,1337,1403
A,1338,1305,1337
A,1305,1304,1337
A,1338,1306,1305
A,1338,1339,1306
A,1338,1404,1339
A,1404,1405,1339
A,1405,1340,1339
A,1405,1406,1340
A,1406,1341,1340
A,1406,1407,1341
A,1407,1408,1341
A,1408,1342,1341
A,1408,1409,1342
A,1409,1343,1342
A,1409,1344,1343
A,1409,1410,1344
A,1410,1345,1344
A,1410,1411,1345
A,1411,1412,1345
A,1412,1346,1345
A,1412,1347,1346
A,1412,1413,1347
A,1413,1348,1347
A,1413,1414,1348
A,1414,1349,1348
A,1414,1415,1349
A,1415,1350,1349
A,1414,1447,1415
A,1447,1448,1415
A,1414,1413,1447
A,1413,1446,1447
A,1446,1479,1447
A,1479,1480,1447
A,1479,1513,1480
A,1479,1512,1513
A,1512,1550,1513
A,1512,1549,1550
A,1549,1577,1550
A,1577,1578,1550
A,1577,1610,1578
A,1610,1611,1578
A,1610,1644,1611
A,1610,1643,1644
A,1643,1676,1644
A,1676,1677,1644
A,1676,1709,1677
A,1709,1710,1677
A,1710,1678,1677
A,1710,1711,1678
A,1676,1708,1709
A,1708,1774,1709
A,1708,1773,1774
A,1708,1707,1773
A,1707,1772,1773
A,1707,1706,1772
A,1706,1771,1772
A,1706,1705,1771
A,1705,1704,1771
A,1704,1770,1771
A,1704,1703,1770
A,1703,1769,1770
A,1703,1702,1769
A,1702,1768,1769
A,1702,1767,1768
A,1702,1701,1767
A,1701,1766,1767
A,1701,1700,1766
A,1701,1667,1700
A,1701,1668,1667
A,1668,1634,1667
A,1668,1635,1634
A,1635,1601,1634
A,1635,1602,1601
A,1602,1568,1601
A,1602,1569,1568
A,1569,1536,1568
A,1569,1537,1536
A,1537,1503,1536
A,1537,1504,1503
A,1504,1470,1503
A,1504,1471,1470
A,1471,1437,1470
A,1471,1438,1437
A,1438,1404,1437
A,1438,1405,1404
A,1438,1439,1405
A,1439,1406,1405
A,1439,1407,1406
A,1439,1440,1407
A,1440,1408,1407
A,1440,1441,1408
A,1441,1409,1408
A,1441,1442,1409
A,1442,1410,1409
A,1442,1443,1410
A,1443,1444,1410
A,1444,1411,1410
A,1444,1412,1411
A,1444,1445,1412
A,1445,1413,1412
A,1445,1446,1413
A,1445,1478,1446
A,1478,1479,1446
A,1478,1512,1479
A,1478,1511,1512
A,1511,1549,1512
A,1511,1548,1549
A,1548,1576,1549
A,1576,1577,1549
A,1576,1610,1577
A,1576,1609,1610
A,1609,1642,1610
A,1642,1643,1610
A,1642,1675,1643
A,1675,1676,1643
A,1675,1708,1676
A,1675,1674,1708
A,1674,1707,1708
A,1674,1673,1707
A,1673,1706,1707
A,1673,1705,1706
A,1673,1672,1705
A,1672,1671,1705
A,1671,1704,1705
A,1671,1703,1704
A,1671,1670,1703
A,1670,1702,1703
A,1670,1669,1702
A,1669,1701,1702
A,1669,1668,1701
A,1669,1635,1668
A,1669,1636,1635
A,1636,1602,1635
A,1636,1603,1602
A,1603,1570,1602
A,1570,1569,1602
A,1570,1537,1569
A,1570,1538,1537
A,1538,1505,1537
A,1505,1504,1537
A,1505,1472,1504
A,1472,1471,1504
A,1472,1439,1471
A,1439,1438,1471
A,1472,1440,1439
A,1472,1473,1440
A,1473,1441,1440
A,1473,1474,1441
A,1474,1442,1441
A,1474,1475,1442
A,1475,1443,1442
A,1475,1476,1443
A,1476,1444,1443
A,1476,1477,1444
A,1477,1445,1444
A,1477,1478,1445
A,1477,1511,1478
A,1477,1510,1511
A,1510,1548,1511
A,1510,1543,1548
A,1543,1575,1548
A,1575,1576,1548
A,1575,1608,1576
A,1608,1609,1576
A,1608,1641,1609
A,1641,1642,1609
A,1641,1675,1642
A,1641,1674,1675
A,1641,1673,1674
A,1641,1640,1673
A,1640,1639,1673
A,1639,1672,1673
A,1639,1671,1672
A,1639,1638,1671
A,1638,1637,1671
A,1637,1670,1671
A,1637,1636,1670
A,1636,1669,1670
A,1637,1603,1636
A,1637,1604,1603
A,1604,1571,1603
A,1571,1570,1603
A,1571,1538,1570
A,1571,1539,1538
A,1539,1505,1538
A,1539,1506,1505
A,1506,1472,1505
A,1506,1473,1472
A,1506,1474,1473
A,1506,1507,1474
A,1507,1508,1474
A,1508,1475,1474
A,1508,1509,1475
A,1509,1476,1475
A,1509,1477,1476
A,1509,1510,1477
A,1509,1547,1510
A,1547,1543,1510
A,1547,1575,1543
A,1547,1574,1575
A,1574,1608,1575
A,1574,1607,1608
A,1607,1640,1608
A,1640,1641,1608
A,1607,1639,1640
A,1607,1606,1639
A,1606,1638,1639
A,1606,1605,1638
A,1605,1637,1638
A,1605,1604,1637
A,1605,1571,1604
A,1605,1572,1571
A,1572,1540,1571
A,1540,1539,1571
A,1540,1506,1539
A,1540,1507,1506
A,1540,1545,1507
A,1545,1508,1507
A,1545,1541,1508
A,1541,1546,1508
A,1546,1509,1508
A,1546,1542,1509
A,1542,1547,1509
A,1542,1574,1547
A,1542,1541,1574
A,1541,1573,1574
A,1573,1607,1574
A,1573,1606,1607
A,1573,1572,1606
A,1572,1605,1606
A,1573,1541,1572
A,1541,1540,1572
A,1541,1545,1540
A,1542,1546,1541
A,1271,1270,1304
A,11114,11084,11083
A,11114,11115,11084
A,11115,11116,11084
A,11116,11085,11084
A,11116,11117,11085
A,11117,11086,11085
A,11117,11118,11086
A,11118,11087,11086
A,11118,11119,11087
A,11119,11088,11087
A,11119,11120,11088
A,11120,11089,11088
A,11120,11121,11089
A,11121,11090,11089
A,11121,11091,11090
A,11121,11122,11091
A,11122,11092,11091
A,11092,11030,11091
A,11122,11123,11092
A,11122,11156,11123
A,11156,11157,11123
A,11157,11124,11123
A,11157,11158,11124
A,11158,11125,11124
A,11125,11101,11124
A,11158,11159,11125
A,11159,11126,11125
A,11159,11127,11126
A,11159,11160,11127
A,11160,11161,11127
A,11161,11128,11127
A,11161,11129,11128
A,11129,11098,11128
A,11098,11097,11128
A,11129,11099,11098
A,11129,11130,11099
A,11129,11162,11130
A,11162,11163,11130
A,11163,11131,11130
A,11163,11164,11131
A,11164,11165,11131
A,11165,11132,11131
A,11165,11133,11132
A,11165,11166,11133
A,11166,11134,11133
A,11166,11167,11134
A,11167,11135,11134
A,11167,11168,11135
A,11168,11169,11135
A,11168,11201,11169
A,11201,11202,11169
A,11202,11170,11169
A,11202,11203,11170
A,11203,11204,11170
A,11204,11171,11170
A,11204,11205,11171
A,11205,11172,11171
A,11205,11206,11172
A,11206,11173,11172
A,11206,11207,11173
A,11207,11174,11173
A,11207,11175,11174
A,11207,11208,11175
A,11208,11209,11175
A,11209,11176,11175
A,11209,11210,11176
A,11210,11177,11176
A,11209,11243,11210
A,11209,11242,11243
A,11242,11276,11243
A,11242,11275,11276
A,11275,11308,11276
A,11308,11309,11276
A,11308,11342,11309
A,11308,11341,11342
A,11341,11374,11342
A,11374,11375,11342
A,11341,11340,11374
A,11340,11373,11374
A,11340,11339,11373
A,11339,11372,11373
A,11339,11371,11372
A,11339,11338,11371
A,11338,11337,11371
A,11337,11370,11371
A,11337,11369,11370
A,11337,11336,11369
A,11336,11335,11369
A,11335,11368,11369
A,11335,11367,11368
A,11335,11334,11367
A,11334,11366,11367
A,11334,11333,11366
A,11333,11332,11366
A,11332,11365,11366
A,11365,11398,11366
A,11398,11399,11366
A,11365,11397,11398
A,11365,11364,11397
A,11364,11396,11397
A,11364,11363,11396
A,11363,11362,11396
A,11362,11395,11396
A,11362,11361,11395
A,11361,11394,11395
A,11361,11360,11394
A,11360,11393,11394
A,11393,11468,11394
A,11468,11469,11394
A,11468,11503,11469
A,11468,11502,11503
A,11502,11520,11503
A,11520,11521,11503
A,11520,11553,11521
A,11553,11554,11521
A,11554,11522,11521
A,11554,11555,11522
A,11555,11556,11522
A,11556,11523,11522
A,11556,11557,11523
A,11556,11589,11557
A,11589,11590,11557
A,11590,11558,11557
A,11590,11591,11558
A,11591,11559,11558
A,11591,11592,11559
A,11592,11560,11559
A,11592,11597,11560
A,11592,11596,11597
A,11596,11629,11597
A,11629,11630,11597
A,11630,11598,11597
A,11630,11631,11598
A,11631,11599,11598
A,11631,11632,11599
A,11632,11600,11599
A,11600,11568,11599
A,11568,11567,11599
A,11567,11563,11599
A,11568,11564,11567
A,11632,11633,11600
A,11632,11661,11633
A,11661,11662,11633
A,11661,11695,11662
A,11695,11696,11662
A,11695,11728,11696
A,11728,11729,11696
A,11729,11730,11696
A,11730,11697,11696
A,11730,11731,11697
A,11731,11698,11697
A,11731,11699,11698
A,11731,11732,11699
A,11731,11765,11732
A,11731,11764,11765
A,11764,11832,11765
A,11764,11831,11832
A,11831,11864,11832
A,11864,11865,11832
A,11864,11897,11865
A,11897,11898,11865
A,11864,11863,11897
A,11863,11896,11897
A,11863,11862,11896
A,11862,11895,11896
A,11862,11894,11895
A,11894,11927,11895
A,11894,11893,11927
A,11893,11926,11927
A,11893,11892,11926
A,11892,11925,11926
A,11892,11924,11925
A,11892,11891,11924
A,11891,11923,11924
A,11891,11890,11923
A,11890,11889,11923
A,11889,11922,11923
A,11889,11921,11922
A,11889,11888,11921
A,11888,11920,11921
A,11888,11887,11920
A,11887,11886,11920
A,11886,11919,11920
A,11886,11885,11919
A,11885,11918,11919
A,11885,11917,11918
A,11917,11950,11918
A,11917,11916,11950
A,11917,11883,11916
A,11883,11915,11916
A,11915,11948,11916
A,11915,11914,11948
A,11915,11881,11914
A,11881,11913,11914
A,11881,11880,11913
A,11880,11912,11913
A,11880,11879,11912
A,11879,11911,11912
A,11879,11878,11911
A,11878,11910,11911
A,11878,11877,11910
A,11877,11909,11910
A,11877,11876,11909
A,11876,11908,11909
A,11876,11875,11908
A,11875,11907,11908
A,11875,11874,11907
A,11874,11906,11907
A,11874,11873,11906
A,11873,11905,11906
A,11873,11872,11905
A,11872,11871,11905
A,11871,11904,11905
A,11871,11870,11904
A,11870,11903,11904
A,11870,11902,11903
A,11870,11869,11902
A,11869,11868,11902
A,11868,11901,11902
A,11869,11835,11868
A,11835,11867,11868
A,11869,11836,11835
A,11836,11802,11835
A,11836,11803,11802
A,11803,11735,11802
A,11803,11736,11735
A,11736,11702,11735
A,11736,11703,11702
A,11703,11669,11702
A,11703,11670,11669
A,11670,11636,11669
A,11670,11637,11636
A,11637,11604,11636
A,11604,11603,11636
A,11603,12146,11636
A,11604,11571,11603
A,11604,11572,11571
A,11572,11540,11571
A,11540,11539,11571
A,11540,11506,11539
A,11540,11507,11506
A,11507,11477,11506
A,11477,11476,11506
A,11477,11446,11476
A,11446,11445,11476
A,11446,11379,11445
A,11379,11378,11445
A,11379,11346,11378
A,11346,11345,11378
A,11346,11312,11345
A,11346,11313,11312
A,11313,11279,11312
A,11313,11280,11279
A,11280,11247,11279
A,11247,11246,11279
A,11247,11214,11246
A,11214,11213,11246
A,11214,11180,11213
A,11214,11181,11180
A,11181,11148,11180
A,11181,11149,11148
A,11149,11116,11148
A,11116,11115,11148
A,11115,11114,11148
A,11149,11117,11116
A,11149,11150,11117
A,11150,11118,11117
A,11150,11151,11118
A,11151,11119,11118
A,11151,11152,11119
A,11152,11120,11119
A,11152,11153,11120
A,11153,11121,11120
A,11153,11154,11121
A,11154,11155,11121
A,11155,11122,11121
A,11155,11156,11122
A,11155,11188,11156
A,11188,11189,11156
A,11189,11190,11156
A,11190,11157,11156
A,11190,11158,11157
A,11190,11191,11158
A,11191,11192,11158
A,11192,11159,11158
A,11192,11193,11159
A,11193,11160,11159
A,11193,11194,11160
A,11194,11161,11160
A,11194,11195,11161
A,11195,11162,11161
A,11162,11129,11161
A,11195,11196,11162
A,11196,11163,11162
A,11196,11197,11163
A,11197,11164,11163
A,11197,11198,11164
A,11198,11165,11164
A,11198,11199,11165
A,11199,11166,11165
A,11199,11167,11166
A,11199,11200,11167
A,11200,11168,11167
A,11200,11201,11168
A,11200,11233,11201
A,11233,11234,11201
A,11234,11235,11201
A,11235,11202,11201
A,11235,11236,11202
A,11236,11203,11202
A,11236,11204,11203
A,11236,11237,11204
A,11237,11238,11204
A,11238,11205,11204
A,11238,11239,11205
A,11239,11206,11205
A,11239,11207,11206
A,11239,11240,11207
A,11240,11208,11207
A,11240,11241,11208
A,11241,11209,11208
A,11241,11242,11209
A,11241,11275,11242
A,11241,11274,11275
A,11274,11307,11275
A,11307,11308,11275
A,11307,11340,11308
A,11340,11341,11308
A,11307,11339,11340
A,11307,11306,11339
A,11306,11305,11339
A,11305,11338,11339
A,11305,11304,11338
A,11304,11337,11338
A,11304,11336,11337
A,11304,11303,11336
A,11303,11335,11336
A,11303,11302,11335
A,11302,11301,11335
A,11301,11334,11335
A,11301,11300,11334
A,11300,11333,11334
A,11300,11332,11333
A,11300,11299,11332
A,11299,11298,11332
A,11298,11331,11332
A,11331,11365,11332
A,11331,11364,11365
A,11331,11363,11364
A,11331,11330,11363
A,11330,11362,11363
A,11330,11329,11362
A,11329,11361,11362
A,11329,11328,11361
A,11328,11360,11361
A,11328,11327,11360
A,11327,11359,11360
A,11359,11393,11360
A,11359,11392,11393
A,11392,11468,11393
A,11392,11467,11468
A,11467,11502,11468
A,11467,11501,11502
A,11501,11520,11502
A,11501,11519,11520
A,11519,11552,11520
A,11552,11553,11520
A,11552,11584,11553
A,11584,11585,11553
A,11585,11586,11553
A,11586,11554,11553
A,11586,11587,11554
A,11587,11555,11554
A,11587,11588,11555
A,11588,11556,11555
A,11588,11589,11556
A,11588,11621,11589
A,11621,11622,11589
A,11622,11590,11589
A,11622,11623,11590
A,11623,11591,11590
A,11623,11627,11591
A,11627,11595,11591
A,11595,11592,11591
A,11595,11624,11592
A,11624,11596,11592
A,11624,11629,11596
A,11624,11628,11629
A,11628,11657,11629
A,11657,11658,11629
A,11658,11630,11629
A,11658,11659,11630
A,11659,11631,11630
A,11659,11660,11631
A,11660,11632,11631
A,11660,11661,11632
A,11660,11694,11661
A,11694,11695,11661
A,11694,11727,11695
A,11727,11728,11695
A,11727,11761,11728
A,11761,11762,11728
A,11762,11729,11728
A,11762,11763,11729
A,11763,11730,11729
A,11763,11764,11730
A,11764,11731,11730
A,11763,11830,11764
A,11830,11831,11764
A,11830,11864,11831
A,11830,11863,11864
A,11830,11829,11863
A,11829,11862,11863
A,11829,11828,11862
A,11828,11861,11862
A,11861,11894,11862
A,11861,11893,11894
A,11861,11860,11893
A,11860,11892,11893
A,11860,11859,11892
A,11859,11891,11892
A,11859,11858,11891
A,11858,11890,11891
A,11858,11857,11890
A,11857,11889,11890
A,11857,11856,11889
A,11856,11888,11889
A,11856,11855,11888
A,11855,11887,11888
A,11855,11854,11887
A,11854,11886,11887
A,11854,11853,11886
A,11853,11885,11886
A,11853,11852,11885
A,11852,11884,11885
A,11884,11917,11885
A,11884,11883,11917
A,11884,11850,11883
A,11850,11882,11883
A,11882,11915,11883
A,11882,11881,11915
A,11882,11849,11881
A,11849,11848,11881
A,11848,11880,11881
A,11848,11847,11880
A,11847,11879,11880
A,11847,11846,11879
A,11846,11878,11879
A,11846,11845,11878
A,11845,11877,11878
A,11845,11844,11877
A,11844,11843,11877
A,11843,11876,11877
A,11843,11875,11876
A,11843,11842,11875
A,11842,11874,11875
A,11842,11841,11874
A,11841,11873,11874
A,11841,11840,11873
A,11840,11872,11873
A,11840,11839,11872
A,11839,11838,11872
A,11838,11871,11872
A,11838,11837,11871
A,11837,11870,11871
A,11837,11869,11870
A,11837,11836,11869
A,11837,11803,11836
A,11837,11804,11803
A,11804,11736,11803
A,11804,11737,11736
A,11737,11704,11736
A,11704,11703,11736
A,11704,11670,11703
A,11704,11671,11670
A,11671,11638,11670
A,11638,11637,11670
A,11638,11605,11637
A,11605,11604,11637
A,11605,11572,11604
A,11605,11573,11572
A,11573,11541,11572
A,11541,11540,11572
A,11541,11507,11540
A,11541,11508,11507
A,11508,11478,11507
A,11478,11477,11507
A,11478,11446,11477
A,11478,11447,11446
A,11447,11380,11446
A,11380,11379,11446
A,11380,11347,11379
A,11347,11346,11379
A,11347,11313,11346
A,11347,11314,11313
A,11314,11281,11313
A,11281,11280,11313
A,11281,11247,11280
A,11281,11248,11247
A,11248,11215,11247
A,11215,11214,11247
A,11215,11181,11214
A,11215,11182,11181
A,11182,11149,11181
A,11182,11183,11149
A,11183,11150,11149
A,11183,11184,11150
A,11184,11151,11150
A,11184,11152,11151
A,11184,11185,11152
A,11185,11153,11152
A,11185,11186,11153
A,11186,11154,11153
A,11186,11187,11154
A,11187,11188,11154
A,11188,11155,11154
A,11187,11221,11188
A,11221,11189,11188
A,11221,11222,11189
A,11222,11190,11189
A,11222,11223,11190
A,11223,11224,11190
A,11224,11191,11190
A,11224,11225,11191
A,11225,11192,11191
A,11225,11226,11192
A,11226,11193,11192
A,11226,11194,11193
A,11226,11227,11194
A,11227,11195,11194
A,11227,11228,11195
A,11228,11229,11195
A,11229,11196,11195
A,11229,11230,11196
A,11230,11197,11196
A,11230,11231,11197
A,11231,11198,11197
A,11231,11199,11198
A,11231,11232,11199
A,11232,11233,11199
A,11233,11200,11199
A,11232,11266,11233
A,11266,11234,11233
A,11266,11267,11234
A,11267,11268,11234
A,11268,11235,11234
A,11268,11269,11235
A,11269,11236,11235
A,11269,11270,11236
A,11270,11237,11236
A,11270,11238,11237
A,11270,11271,11238
A,11271,11239,11238
A,11271,11272,11239
A,11272,11273,11239
A,11273,11240,11239
A,11273,11274,11240
A,11274,11241,11240
A,11273,11306,11274
A,11306,11307,11274
A,11273,11305,11306
A,11273,11272,11305
A,11272,11271,11305
A,11271,11304,11305
A,11271,11270,11304
A,11270,11303,11304
A,11270,11302,11303
A,11270,11269,11302
A,11269,11301,11302
A,11269,11268,11301
A,11268,11300,11301
A,11268,11267,11300
A,11267,11299,11300
A,11267,11266,11299
A,11266,11298,11299
A,11266,11265,11298
A,11265,11297,11298
A,11297,11330,11298
A,11330,11331,11298
A,11297,11296,11330
A,11296,11329,11330
A,11296,11295,11329
A,11295,11328,11329
A,11295,11327,11328
A,11295,11294,11327
A,11294,11293,11327
A,11293,11326,11327
A,11326,11359,11327
A,11326,11358,11359
A,11358,11392,11359
A,11358,11391,11392
A,11391,11459,11392
A,11459,11467,11392
A,11459,11501,11467
A,11459,11466,11501
A,11466,11500,11501
A,11500,11519,11501
A,11500,11518,11519
A,11518,11551,11519
A,11551,11552,11519
A,11551,11583,11552
A,11583,11584,11552
A,11583,11616,11584
A,11616,11617,11584
A,11617,11585,11584
A,11617,11618,11585
A,11618,11586,11585
A,11618,11619,11586
A,11619,11587,11586
A,11619,11620,11587
A,11620,11588,11587
A,11620,11621,11588
A,11620,11625,11621
A,11625,11654,11621
A,11654,11622,11621
A,11654,11626,11622
A,11626,11623,11622
A,11626,11655,11623
A,11655,11656,11623
A,11656,11627,11623
A,11656,11628,11627
A,11628,11595,11627
A,11628,11624,11595
A,11656,11657,11628
A,11656,11689,11657
A,11689,11690,11657
A,11690,11658,11657
A,11690,11691,11658
A,11691,11692,11658
A,11692,11659,11658
A,11692,11693,11659
A,11693,11660,11659
A,11693,11694,11660
A,11693,11726,11694
A,11726,11727,11694
A,11726,11760,11727
A,11760,11761,11727
A,11760,11827,11761
A,11827,11828,11761
A,11828,11762,11761
A,11828,11829,11762
A,11829,11763,11762
A,11829,11830,11763
A,11827,11861,11828
A,11827,11860,11861
A,11827,11826,11860
A,11826,11859,11860
A,11826,11825,11859
A,11825,11858,11859
A,11825,11824,11858
A,11824,11857,11858
A,11824,11823,11857
A,11823,11856,11857
A,11823,11855,11856
A,11823,11822,11855
A,11822,11821,11855
A,11821,11854,11855
A,11821,11820,11854
A,11820,11853,11854
A,11820,11852,11853
A,11820,11819,11852
A,11819,11818,11852
A,11818,11851,11852
A,11851,11884,11852
A,11851,11850,11884
A,11851,11818,11850
A,11818,11817,11850
A,11817,11816,11850
A,11816,11849,11850
A,11849,11882,11850
A,11816,11848,11849
A,11816,11815,11848
A,11815,11814,11848
A,11814,11847,11848
A,11814,11846,11847
A,11814,11813,11846
A,11813,11845,11846
A,11813,11812,11845
A,11812,11811,11845
A,11811,11844,11845
A,11811,11843,11844
A,11811,11810,11843
A,11810,11809,11843
A,11809,11842,11843
A,11809,11808,11842
A,11808,11841,11842
A,11808,11840,11841
A,11808,11807,11840
A,11807,11839,11840
A,11807,11806,11839
A,11806,11805,11839
A,11805,11838,11839
A,11805,11837,11838
A,11805,11804,11837
A,11805,11738,11804
A,11738,11737,11804
A,11738,11704,11737
A,11738,11705,11704
A,11705,11672,11704
A,11672,11671,11704
A,11672,11639,11671
A,11639,11638,11671
A,11639,11606,11638
A,11606,11605,11638
A,11606,11573,11605
A,11606,11574,11573
A,11574,11541,11573
A,11574,11542,11541
A,11542,11509,11541
A,11509,11508,11541
A,11509,11479,11508
A,11479,11478,11508
A,11479,11447,11478
A,11479,11448,11447
A,11448,11380,11447
A,11448,11381,11380
A,11381,11347,11380
A,11381,11348,11347
A,11348,11314,11347
A,11348,11315,11314
A,11315,11282,11314
A,11282,11281,11314
A,11282,11248,11281
A,11282,11249,11248
A,11249,11216,11248
A,11216,11215,11248
A,11216,11182,11215
A,11216,11183,11182
A,11216,11217,11183
A,11217,11184,11183
A,11217,11218,11184
A,11218,11185,11184
A,11218,11219,11185
A,11219,11186,11185
A,11219,11220,11186
A,11220,11187,11186
A,11220,11221,11187
A,11220,11254,11221
A,11254,11222,11221
A,11254,11255,11222
A,11255,11256,11222
A,11256,11223,11222
A,11256,11224,11223
A,11256,11257,11224
A,11257,11225,11224
A,11257,11258,11225
A,11258,11259,11225
A,11259,11226,11225
A,11259,11227,11226
A,11259,11260,11227
A,11260,11228,11227
A,11260,11261,11228
A,11261,11229,11228
A,11261,11262,11229
A,11262,11230,11229
A,11262,11263,11230
A,11263,11231,11230
A,11263,11264,11231
A,11264,11265,11231
A,11265,11232,11231
A,11265,11266,11232
A,11264,11297,11265
A,11264,11296,11297
A,11264,11263,11296
A,11263,11262,11296
A,11262,11295,11296
A,11262,11261,11295
A,11261,11294,11295
A,11261,11260,11294
A,11260,11293,11294
A,11260,11292,11293
A,11292,11325,11293
A,11325,11326,11293
A,11325,11358,11326
A,11325,11324,11358
A,11324,11357,11358
A,11357,11391,11358
A,11357,11390,11391
A,11390,11457,11391
A,11457,11466,11391
A,11466,11459,11391
A,11457,11500,11466
A,11457,11465,11500
A,11465,11456,11500
A,11456,11499,11500
A,11499,11518,11500
A,11499,11516,11518
A,11516,11551,11518
A,11516,11550,11551
A,11550,11582,11551
A,11582,11583,11551
A,11582,11615,11583
A,11615,11616,11583
A,11615,11648,11616
A,11648,11649,11616
A,11649,11617,11616
A,11649,11650,11617
A,11650,11618,11617
A,11650,11651,11618
A,11651,11619,11618
A,11651,11652,11619
A,11652,11620,11619
A,11652,11653,11620
A,11653,11625,11620
A,11653,11654,11625
A,11653,11686,11654
A,11686,11687,11654
A,11687,11688,11654
A,11688,11655,11654
A,11655,11626,11654
A,11688,11656,11655
A,11688,11689,11656
A,11688,11721,11689
A,11721,11722,11689
A,11722,11690,11689
A,11722,11723,11690
A,11723,11691,11690
A,11723,11724,11691
A,11724,11725,11691
A,11725,11692,11691
A,11725,11693,11692
A,11725,11726,11693
A,11725,11759,11726
A,11759,11760,11726
A,11759,11826,11760
A,11826,11827,11760
A,11759,11825,11826
A,11759,11758,11825
A,11758,11824,11825
A,11758,11757,11824
A,11757,11823,11824
A,11757,11756,11823
A,11756,11822,11823
A,11756,11755,11822
A,11755,11821,11822
A,11755,11754,11821
A,11754,11820,11821
A,11754,11753,11820
A,11753,11752,11820
A,11752,11819,11820
A,11752,11751,11819
A,11751,11818,11819
A,11751,11750,11818
A,11750,11817,11818
A,11750,11749,11817
A,11749,11816,11817
A,11749,11748,11816
A,11748,11815,11816
A,11748,11747,11815
A,11747,11814,11815
A,11747,11746,11814
A,11746,11813,11814
A,11746,11745,11813
A,11745,11812,11813
A,11745,11744,11812
A,11744,11811,11812
A,11744,11810,11811
A,11744,11743,11810
A,11743,11742,11810
A,11742,11809,11810
A,11742,11808,11809
A,11742,11741,11808
A,11741,11740,11808
A,11740,11807,11808
A,11740,11806,11807
A,11740,11739,11806
A,11739,11738,11806
A,11738,11805,11806
A,11739,11706,11738
A,11706,11705,11738
A,11706,11672,11705
A,11706,11673,11672
A,11673,11639,11672
A,11673,11640,11639
A,11640,11607,11639
A,11607,11606,11639
A,11607,11574,11606
A,11607,11575,11574
A,11575,11543,11574
A,11543,11542,11574
A,11543,11510,11542
A,11510,11509,11542
A,11510,11487,11509
A,11487,11479,11509
A,11487,11488,11479
A,11488,11480,11479
A,11480,11448,11479
A,11480,11449,11448
A,11449,11382,11448
A,11382,11381,11448
A,11382,11348,11381
A,11382,11349,11348
A,11349,11315,11348
A,11349,11316,11315
A,11316,11282,11315
A,11316,11283,11282
A,11283,11249,11282
A,11283,11250,11249
A,11250,11217,11249
A,11217,11216,11249
A,11250,11218,11217
A,11250,11251,11218
A,11251,11219,11218
A,11251,11252,11219
A,11252,11220,11219
A,11252,11253,11220
A,11253,11254,11220
A,11253,11286,11254
A,11286,11287,11254
A,11287,11288,11254
A,11288,11255,11254
A,11288,11289,11255
A,11289,11256,11255
A,11289,11290,11256
A,11290,11257,11256
A,11290,11258,11257
A,11290,11291,11258
A,11291,11292,11258
A,11292,11259,11258
A,11292,11260,11259
A,11291,11325,11292
A,11291,11324,11325
A,11291,11323,11324
A,11323,11357,11324
A,11323,11356,11357
A,11356,11389,11357
A,11389,11390,11357
A,11389,11464,11390
A,11464,11457,11390
A,11464,11456,11457
A,11456,11465,11457
A,11464,11463,11456
A,11463,11486,11456
A,11486,11499,11456
A,11486,11516,11499
A,11486,11498,11516
A,11498,11485,11516
A,11485,11515,11516
A,11515,11549,11516
A,11549,11517,11516
A,11517,11550,11516
A,11517,11549,11550
A,11549,11581,11550
A,11581,11582,11550
A,11581,11614,11582
A,11614,11615,11582
A,11614,11647,11615
A,11647,11648,11615
A,11647,11681,11648
A,11681,11682,11648
A,11682,11649,11648
A,11682,11650,11649
A,11682,11683,11650
A,11683,11684,11650
A,11684,11651,11650
A,11684,11685,11651
A,11685,11652,11651
A,11685,11686,11652
A,11686,11653,11652
A,11685,11719,11686
A,11719,11720,11686
A,11720,11687,11686
A,11720,11688,11687
A,11720,11721,11688
A,11720,11753,11721
A,11753,11754,11721
A,11754,11755,11721
A,11755,11722,11721
A,11755,11756,11722
A,11756,11723,11722
A,11756,11757,11723
A,11757,11724,11723
A,11757,11758,11724
A,11758,11725,11724
A,11758,11759,11725
A,11720,11752,11753
A,11720,11719,11752
A,11719,11718,11752
A,11718,11751,11752
A,11718,11750,11751
A,11718,11717,11750
A,11717,11749,11750
A,11717,11716,11749
A,11716,11748,11749
A,11716,11715,11748
A,11715,11714,11748
A,11714,11747,11748
A,11714,11746,11747
A,11714,11713,11746
A,11713,11745,11746
A,11713,11712,11745
A,11712,11711,11745
A,11711,11744,11745
A,11711,11743,11744
A,11711,11710,11743
A,11710,11742,11743
A,11710,11709,11742
A,11709,11708,11742
A,11708,11741,11742
A,11708,11707,11741
A,11707,11740,11741
A,11707,11739,11740
A,11707,11706,11739
A,11707,11673,11706
A,11707,11674,11673
A,11674,11641,11673
A,11641,11640,11673
A,11641,11608,11640
A,11608,11607,11640
A,11608,11575,11607
A,11608,11576,11575
A,11576,11543,11575
A,11576,11544,11543
A,11544,11510,11543
A,11544,11511,11510
A,11511,11481,11510
A,11481,11492,11510
A,11492,11488,11510
A,11488,11487,11510
A,11492,11480,11488
A,11492,11489,11480
A,11489,11449,11480
A,11489,11450,11449
A,11450,11382,11449
A,11450,11383,11382
A,11383,11349,11382
A,11383,11350,11349
A,11350,11317,11349
A,11317,11316,11349
A,11317,11283,11316
A,11317,11284,11283
A,11284,11250,11283
A,11284,11251,11250
A,11284,11252,11251
A,11284,11285,11252
A,11285,11253,11252
A,11285,11286,11253
A,11285,11319,11286
A,11319,11320,11286
A,11320,11287,11286
A,11320,11321,11287
A,11321,11288,11287
A,11321,11289,11288
A,11321,11322,11289
A,11322,11290,11289
A,11322,11323,11290
A,11323,11291,11290
A,11322,11356,11323
A,11322,11355,11356
A,11355,11389,11356
A,11355,11388,11389
A,11388,11464,11389
A,11388,11463,11464
A,11388,11455,11463
A,11455,11486,11463
A,11455,11498,11486
A,11455,11462,11498
A,11462,11485,11498
A,11462,11484,11485
A,11484,11515,11485
A,11484,11496,11515
A,11496,11514,11515
A,11514,11548,11515
A,11548,11549,11515
A,11548,11581,11549
A,11548,11580,11581
A,11580,11613,11581
A,11613,11614,11581
A,11613,11646,11614
A,11646,11647,11614
A,11646,11680,11647
A,11680,11681,11647
A,11680,11713,11681
A,11713,11714,11681
A,11714,11715,11681
A,11715,11682,11681
A,11715,11683,11682
A,11715,11716,11683
A,11716,11717,11683
A,11717,11684,11683
A,11717,11718,11684
A,11718,11685,11684
A,11718,11719,11685
A,11680,11712,11713
A,11680,11679,11712
A,11679,11678,11712
A,11678,11711,11712
A,11678,11677,11711
A,11677,11710,11711
A,11677,11709,11710
A,11677,11676,11709
A,11676,11708,11709
A,11676,11675,11708
A,11675,11707,11708
A,11675,11674,11707
A,11675,11641,11674
A,11675,11642,11641
A,11642,11609,11641
A,11609,11608,11641
A,11609,11576,11608
A,11609,11577,11576
A,11577,11544,11576
A,11577,11545,11544
A,11545,11511,11544
A,11545,11512,11511
A,11512,11481,11511
A,11512,11482,11481
A,11482,11451,11481
A,11482,11460,11451
A,11460,11452,11451
A,11452,11384,11451
A,11384,11450,11451
A,11384,11383,11450
A,11384,11351,11383
A,11351,11350,11383
A,11351,11318,11350
A,11318,11317,11350
A,11318,11284,11317
A,11318,11285,11284
A,11318,11319,11285
A,11318,11351,11319
A,11351,11352,11319
A,11352,11320,11319
A,11352,11353,11320
A,11353,11321,11320
A,11353,11354,11321
A,11354,11355,11321
A,11355,11322,11321
A,11354,11387,11355
A,11387,11388,11355
A,11387,11454,11388
A,11454,11455,11388
A,11454,11462,11455
A,11454,11484,11462
A,11454,11461,11484
A,11461,11453,11484
A,11453,11496,11484
A,11453,11483,11496
A,11483,11514,11496
A,11483,11513,11514
A,11513,11547,11514
A,11547,11548,11514
A,11547,11579,11548
A,11579,11580,11548
A,11579,11612,11580
A,11612,11613,11580
A,11612,11645,11613
A,11645,11646,11613
A,11645,11679,11646
A,11679,11680,11646
A,11645,11678,11679
A,11645,11677,11678
A,11645,11644,11677
A,11644,11643,11677
A,11643,11676,11677
A,11643,11642,11676
A,11642,11675,11676
A,11643,11610,11642
A,11610,11609,11642
A,11610,11577,11609
A,11610,11578,11577
A,11578,11546,11577
A,11546,11545,11577
A,11546,11512,11545
A,11546,11547,11512
A,11547,11513,11512
A,11513,11495,11512
A,11495,11482,11512
A,11495,11483,11482
A,11483,11460,11482
A,11483,11453,11460
A,11453,11452,11460
A,11453,11385,11452
A,11385,11384,11452
A,11385,11351,11384
A,11385,11352,11351
A,11385,11386,11352
A,11386,11353,11352
A,11386,11354,11353
A,11386,11387,11354
A,11386,11454,11387
A,11386,11461,11454
A,11386,11453,11461
A,11386,11385,11453
A,11495,11513,11483
A,11546,11579,11547
A,11546,11578,11579
A,11578,11611,11579
A,11611,11612,11579
A,11611,11644,11612
A,11644,11645,11612
A,11611,11643,11644
A,11611,11610,11643
A,11611,11578,11610
A,11492,11481,11489
A,11561,11565,11562
A,12081,12072,159
A,12072,12080,159
A,12072,12071,12080
A,12072,12079,12071
A,12079,12038,12071
A,12038,12037,12071
A,12037,12070,12071
A,12037,12069,12070
A,12037,12036,12069
A,12036,12068,12069
A,12036,12035,12068
A,12035,12067,12068
A,12035,12034,12067
A,12034,12066,12067
A,12034,12033,12066
A,12033,12065,12066
A,12033,12032,12065
A,12032,12064,12065
A,12032,12031,12064
A,12031,12063,12064
A,12031,12030,12063
A,12030,12029,12063
A,12029,12062,12063
A,12029,12061,12062
A,12029,12028,12061
A,12028,12098,12061
A,12098,12060,12061
A,12060,12099,12061
A,12099,12100,12061
A,12100,136,12061
A,12100,135,136
A,12028,12027,12098
A,12028,12097,12027
A,12028,11995,12097
A,11995,11994,12097
A,11995,12096,11994
A,11995,11768,12096
A,11768,11767,12096
A,11768,12095,11767
A,11768,11411,12095
A,11411,11410,12095
A,11411,12094,11410
A,11411,11050,12094
A,11050,11049,12094
A,11050,12093,11049
A,11050,1725,12093
A,1725,1724,12093
A,1725,12092,1724
A,1725,1363,12092
A,1363,1362,12092
A,1363,12091,1362
A,1725,1726,1363
A,1726,1364,1363
A,1726,1365,1364
A,1726,1727,1365
A,1727,1728,1365
A,1728,1366,1365
A,1728,1729,1366
A,1729,1367,1366
A,1729,1730,1367
A,1730,1368,1367
A,1730,1369,1368
A,1730,1731,1369
A,1731,1732,1369
A,1732,1370,1369
A,1732,1371,1370
A,1732,1733,1371
A,1733,1372,1371
A,1733,1734,1372
A,1734,1735,1372
A,1735,1373,1372
A,1735,1374,1373
A,1735,1736,1374
A,1736,1737,1374
A,1737,1375,1374
A,1737,1376,1375
A,1737,1738,1376
A,1738,1739,1376
A,1739,1377,1376
A,1739,1740,1377
A,1740,1378,1377
A,1740,1379,1378
A,1740,1741,1379
A,1741,1380,1379
A,1741,1742,1380
A,1742,1381,1380
A,1742,1743,1381
A,1743,1382,1381
A,1743,1744,1382
A,1744,1383,1382
A,1744,1745,1383
A,1745,1746,1383
A,1746,1384,1383
A,1746,1747,1384
A,1747,1385,1384
A,1747,1748,1385
A,1748,1386,1385
A,1748,1749,1386
A,1749,1387,1386
A,1749,1388,1387
A,1749,1750,1388
A,1750,1389,1388
A,1750,1751,1389
A,1751,1390,1389
A,1751,1752,1390
A,1752,1391,1390
A,1752,1753,1391
A,1753,1392,1391
A,1753,1754,1392
A,1754,1755,1392
A,1755,1393,1392
A,1754,11079,1755
A,11079,11080,1755
A,11079,11441,11080
A,11441,11442,11080
A,11442,12160,11080
A,11441,11799,11442
A,11799,12161,11442
A,11441,11798,11799
A,11798,12025,11799
A,12025,12162,11799
A,11798,12024,12025
A,11798,11797,12024
A,11797,12023,12024
A,11797,11796,12023
A,11796,12022,12023
A,11796,11795,12022
A,11795,12021,12022
A,11795,11794,12021
A,11794,12020,12021
A,11794,11793,12020
A,11793,11792,12020
A,11792,12019,12020
A,11792,12018,12019
A,11792,11791,12018
A,11791,12017,12018
A,11791,11790,12017
A,11790,12016,12017
A,12016,12049,12017
A,12016,12048,12049
A,12016,12015,12048
A,12015,12047,12048
A,12015,12014,12047
A,12014,12013,12047
A,12013,12046,12047
A,12013,12012,12046
A,12012,12045,12046
A,12012,12044,12045
A,12012,12011,12044
A,12011,12043,12044
A,12011,12010,12043
A,12010,12009,12043
A,12009,12042,12043
A,12042,12075,12043
A,12009,12041,12042
A,12041,12074,12042
A,12041,12073,12074
A,12041,12040,12073
A,12040,12072,12073
A,12072,12081,12073
A,12040,12039,12072
A,12039,12038,12072
A,12038,12079,12072
A,12039,12006,12038
A,12006,12005,12038
A,12005,12037,12038
A,12005,12004,12037
A,12004,12003,12037
A,12003,12036,12037
A,12003,12002,12036
A,12002,12035,12036
A,12002,12001,12035
A,12001,12034,12035
A,12001,12000,12034
A,12000,12033,12034
A,12000,11999,12033
A,11999,12032,12033
A,11999,12031,12032
A,11999,11998,12031
A,11998,11997,12031
A,11997,12030,12031
A,11997,11996,12030
A,11996,12029,12030
A,11996,11995,12029
A,11995,12028,12029
A,11996,11769,11995
A,11769,11768,11995
A,11769,11412,11768
A,11412,11411,11768
A,11412,11051,11411
A,11051,11050,11411
A,11051,1725,11050
A,11051,1726,1725
A,11051,11052,1726
A,11052,1727,1726
A,11052,11053,1727
A,11053,1728,1727
A,11053,11054,1728
A,11054,1729,1728
A,11054,1730,1729
A,11054,11055,1730
A,11055,11056,1730
A,11056,1731,1730
A,11056,11057,1731
A,11057,1732,1731
A,11057,11058,1732
A,11058,1733,1732
A,11058,1734,1733
A,11058,11059,1734
A,11059,11060,1734
A,11060,1735,1734
A,11060,1736,1735
A,11060,11061,1736
A,11061,1737,1736
A,11061,11062,1737
A,11062,1738,1737
A,11062,11063,1738
A,11063,11064,1738
A,11064,1739,1738
A,11064,1740,1739
A,11064,11065,1740
A,11065,1741,1740
A,11065,11066,1741
A,11066,11067,1741
A,11067,1742,1741
A,11067,11068,1742
A,11068,1743,1742
A,11068,1744,1743
A,11068,11069,1744
A,11069,11070,1744
A,11070,1745,1744
A,11070,11071,1745
A,11071,1746,1745
A,11071,1747,1746
A,11071,11072,1747
A,11072,1748,1747
A,11072,11073,1748
A,11073,11074,1748
A,11074,1749,1748
A,11074,11075,1749
A,11075,1750,1749
A,11075,11076,1750
A,11076,1751,1750
A,11076,1752,1751
A,11076,11077,1752
A,11077,1753,1752
A,11077,11078,1753
A,11078,1754,1753
A,11078,11079,1754
A,11078,11440,11079
A,11440,11441,11079
A,11440,11797,11441
A,11797,11798,11441
A,11440,11796,11797
A,11440,11439,11796
A,11439,11795,11796
A,11439,11438,11795
A,11438,11794,11795
A,11438,11437,11794
A,11437,11793,11794
A,11437,11436,11793
A,11436,11792,11793
A,11436,11435,11792
A,11435,11791,11792
A,11435,11434,11791
A,11434,11790,11791
A,11434,11433,11790
A,11433,11789,11790
A,11789,12016,11790
A,11789,11788,12016
A,11788,12015,12016
A,11788,12014,12015
A,11788,11787,12014
A,11787,12013,12014
A,11787,11786,12013
A,11786,12012,12013
A,11786,11785,12012
A,11785,12011,12012
A,11785,11784,12011
A,11784,12010,12011
A,11784,11783,12010
A,11783,11782,12010
A,11782,12009,12010
A,11782,12008,12009
A,12008,12041,12009
A,12008,12007,12041
A,12007,12040,12041
A,12007,12006,12040
A,12006,12039,12040
A,12007,11780,12006
A,11780,11779,12006
A,11779,12005,12006
A,11779,11778,12005
A,11778,12004,12005
A,11778,11777,12004
A,11777,12003,12004
A,11777,11776,12003
A,11776,12002,12003
A,11776,11775,12002
A,11775,12001,12002
A,11775,11774,12001
A,11774,12000,12001
A,11774,11773,12000
A,11773,11999,12000
A,11773,11772,11999
A,11772,11998,11999
A,11772,11771,11998
A,11771,11997,11998
A,11771,11770,11997
A,11770,11996,11997
A,11770,11769,11996
A,11770,11412,11769
A,11770,11413,11412
A,11413,11051,11412
A,11413,11052,11051
A,11413,11414,11052
A,11414,11053,11052
A,11414,11415,11053
A,11415,11054,11053
A,11415,11416,11054
A,11416,11055,11054
A,11416,11417,11055
A,11417,11056,11055
A,11417,11418,11056
A,11418,11057,11056
A,11418,11419,11057
A,11419,11058,11057
A,11419,11420,11058
A,11420,11059,11058
A,11420,11421,11059
A,11421,11060,11059
A,11421,11422,11060
A,11422,11061,11060
A,11422,11423,11061
A,11423,11062,11061
A,11423,11424,11062
A,11424,11063,11062
A,11424,11425,11063
A,11425,11064,11063
A,11425,11426,11064
A,11426,11065,11064
A,11426,11427,11065
A,11427,11066,11065
A,11427,11428,11066
A,11428,11067,11066
A,11428,11429,11067
A,11429,11068,11067
A,11429,11430,11068
A,11430,11069,11068
A,11430,11431,11069
A,11431,11070,11069
A,11431,11432,11070
A,11432,11071,11070
A,11432,11433,11071
A,11433,11072,11071
A,11433,11434,11072
A,11434,11073,11072
A,11434,11435,11073
A,11435,11074,11073
A,11435,11436,11074
A,11436,11075,11074
A,11436,11437,11075
A,11437,11076,11075
A,11437,11438,11076
A,11438,11077,11076
A,11438,11439,11077
A,11439,11078,11077
A,11439,11440,11078
A,11432,11789,11433
A,11432,11788,11789
A,11432,11431,11788
A,11431,11787,11788
A,11431,11430,11787
A,11430,11429,11787
A,11429,11786,11787
A,11429,11785,11786
A,11429,11428,11785
A,11428,11784,11785
A,11428,11427,11784
A,11427,11783,11784
A,11427,11426,11783
A,11426,11425,11783
A,11425,11782,11783
A,11425,11781,11782
A,11781,12008,11782
A,11781,12007,12008
A,11781,11780,12007
A,11781,11424,11780
A,11424,11423,11780
A,11423,11779,11780
A,11423,11422,11779
A,11422,11421,11779
A,11421,11778,11779
A,11421,11420,11778
A,11420,11777,11778
A,11420,11776,11777
A,11420,11419,11776
A,11419,11775,11776
A,11419,11418,11775
A,11418,11774,11775
A,11418,11417,11774
A,11417,11416,11774
A,11416,11773,11774
A,11416,11772,11773
A,11416,11415,11772
A,11415,11414,11772
A,11414,11771,11772
A,11414,11770,11771
A,11414,11413,11770
A,11781,11425,11424
A,11536,12209,11537
A,11536,12210,12209
A,11537,12208,11536
A,12158,1756,1394
A,12159,11081,1756
A,12163,12059,12026
A,12164,12165,12059
A,12058,12057,12165
A,12057,12166,12165
A,12057,196,12166
A,196,12167,12166
A,12057,195,196
A,12057,194,195
A,12055,194,12056
A,12055,193,194
A,12055,12054,193
A,12054,192,193
A,12054,191,192
A,12054,12053,191
A,12053,190,191
A,12053,12052,190
A,12052,12051,190
A,12051,189,190
A,12051,12090,189
A,12090,188,189
A,12090,187,188
A,12090,12089,187
A,12089,186,187
A,12089,185,186
A,12089,12088,185
A,12051,12050,12090
A,12086,158,12087
A,158,185,12087
A,12086,157,158
A,12085,164,12086
A,12082,149,12083
A,12168,1130,197
A,12172,1262,1229
A,12173,1295,1262
A,12174,1328,1295
A,1427,12177,12176
A,1525,12181,12180
A,1525,1590,12181
A,1525,1524,1590
A,1524,1589,1590
A,1524,1523,1589
A,1523,1588,1589
A,1523,1587,1588
A,1523,1558,1587
A,1523,1522,1558
A,12185,1723,1690
A,12186,1789,1723
A,12193,11020,1987
A,11019,11018,12195
A,11018,12196,12195
A,11018,11143,12196
A,11143,11144,12196
A,11144,12197,12196
A,11018,11017,11143
A,11017,11141,11143
A,11141,11142,11143
A,11015,11140,11016
A,11140,11141,11016
A,11015,11139,11140
A,11015,11014,11139
A,11014,11138,11139
A,11014,11013,11138
A,11013,11012,11138
A,11012,11112,11138
A,11112,11137,11138
A,11112,11136,11137
A,11012,11011,11112
A,11011,11043,11112
A,11042,11111,11043
A,11042,11041,11111
A,11041,11110,11111
A,11041,11040,11110
A,11040,11109,11110
A,11038,11108,11039
A,11108,11109,11039
A,11096,11035,11095
A,11408,11535,12207
A,11535,11536,12207
A,11536,12208,12207
A,11535,11665,11536
A,11665,12211,11536
A,12211,12210,11536
A,11665,11666,12211
A,11666,12212,12211
A,11535,11601,11665
A,11601,11664,11665
A,11601,11634,11664
A,11634,11663,11664
A,11535,11534,11601
A,11534,11569,11601
A,11534,11533,11569
A,11534,11406,11533
A,11535,11407,11534
A,11535,11408,11407
A,11404,11533,11405
A,11404,11532,11533
A,11404,11531,11532
A,11402,11531,11403
A,11402,11530,11531
A,11402,11529,11530
A,11402,11401,11529
A,11401,11474,11529
A,11474,11528,11529
A,11474,11527,11528
A,11401,11400,11474
A,11472,11526,11473
A,11526,11527,11473
A,11472,11525,11526
A,11472,11524,11525
A,11471,11470,11524
A,11470,11504,11524
A,12213,11700,11667
A,12214,11733,11700
A,12215,11766,11733
A,11833,12217,12216
A,11931,12221,12220
A,11931,11930,12221
A,11930,12222,12221
A,11928,11964,11929
A,11963,11991,11964
A,11991,11992,11964
A,11991,11990,11992
A,11991,11962,11990
A,11962,11989,11990
A,11962,11961,11989
A,11961,11988,11989
A,11961,11960,11988
A,11960,11987,11988
A,11960,11959,11987
A,11959,11986,11987
A,11959,11958,11986
A,11958,11985,11986
A,11958,11957,11985
A,11957,11956,11985
A,11956,11984,11985
A,11956,11955,11984
A,11955,11983,11984
A,11955,11954,11983
A,11954,11982,11983
A,11954,11981,11982
A,11954,11949,11981
A,11991,11963,11962
A,11953,11980,11981
A,11953,11952,11980
A,11952,11979,11980
A,11952,11947,11979
A,11947,11951,11979
A,11951,11978,11979
A,11951,11946,11978
A,11944,11976,11945
A,11976,11993,11945
A,11944,11943,11976
A,11943,11975,11976
A,11943,11974,11975
A,11943,11941,11974
A,11941,11973,11974
A,11941,11972,11973
A,11941,11940,11972
A,11940,11939,11972
A,11939,11971,11972
A,11971,11970,11972
A,11943,11942,11941
A,11938,11969,11970
A,11938,11937,11969
A,11937,11936,11969
A,11936,11968,11969
A,11936,11967,11968
A,11936,11935,11967
A,11935,11966,11967
A,11935,11934,11966
A,12150,11734,11801
A,11668,12147,12148
A,12145,11570,11602
A,12142,11475,11505
A,11444,12140,12141
A,12136,11245,11278
A,12134,11179,11212
A,12132,11113,11146
A,1658,12118,12119
A,12110,1329,1395
A,1197,12105,12106
A,12105,1164,12106
A,1131,12103,12104
A,137,12062,136
A,12062,12061,136
A,139,12063,138
A,12063,12062,138
A,139,12064,12063
A,139,140,12064
A,141,12065,140
A,141,12066,12065
A,141,12067,12066
A,141,142,12067
A,142,143,12067
A,143,12068,12067
A,143,144,12068
A,144,12069,12068
A,144,12070,12069
A,144,145,12070
A,145,12071,12070
A,145,146,12071
A,11030,11092,11031
A,11029,11090,11030
A,11090,11091,11030
A,11026,11087,11027
A,11026,11086,11087
A,11026,11025,11086
A,11025,11085,11086
A,11023,11084,11024
A,11084,11085,11024
A,11023,11022,11084
A,11022,11083,11084
A,11451,11450,11481
A,12097,11994,12027
A,12096,11767,11994
A,12095,11410,11767
A,119,120,118
A,123,124,122
A,129,126,128
A,1394,1756,134
A,12026,12059,11800
A,12165,12166,12059
A,12167,197,12166
A,1130,1163,197
A,12194,12195,11020
A,12197,11145,12196
A,12212,11667,12211
A,11930,11964,12222
A,11964,11992,12222
A,11980,11979,11981
A,11945,11993,11946
A,12152,11834,12153
A,11570,11538,11602
A,12137,11278,11311
A,12130,11021,11082
A,12130,12129,11021
A,1592,12116,12117
A,1528,1495,1527
A,198,165,12103
A,166,136,165
A,136,135,165
A,12060,12027,12099
A,12210,11537,12209
