A,521,522,521325
A,521325,521354,521
A,521354,521355,521
A,521355,521356,521
A,521356,5222,521
A,5222,522,521
A,5222,5223,522
A,5223,523,522
A,523,521326,522
A,521326,521325,522
A,521326,521304,521325
A,521304,521353,521325
A,521353,521354,521325
A,521304,521283,521353
A,521283,521352,521353
A,521283,521351,521352
A,521283,521262,521351
A,521262,521115,521351
A,521115,521350,521351
A,521115,521349,521350
A,521115,52884,521349
A,52884,521348,521349
A,52884,52653,521348
A,52653,521347,521348
A,52653,52422,521347
A,52422,521499,521347
A,521499,521346,521347
A,52422,521498,521499
A,52422,52423,521498
A,52423,521497,521498
A,52423,52424,521497
A,52424,52211,521497
A,52211,521496,521497
A,52211,521495,521496
A,52211,52425,521495
A,52425,52426,521495
A,52426,521494,521495
A,52426,52427,521494
A,52427,521493,521494
A,52427,52428,521493
A,52428,521492,521493
A,52428,52429,521492
A,52429,521491,521492
A,52429,52430,521491
A,52430,521490,521491
A,52430,52431,521490
A,52431,521489,521490
A,52431,52432,521489
A,52432,521488,521489
A,52432,52433,521488
A,52433,521487,521488
A,52433,52434,521487
A,52434,521486,521487
A,52434,52435,521486
A,52435,521485,521486
A,52435,52436,521485
A,52436,521484,521485
A,52436,52437,521484
A,52437,521483,521484
A,52437,52438,521483
A,52438,521482,521483
A,52438,52439,521482
A,52439,521481,521482
A,52439,521480,521481
A,52439,52440,521480
A,52440,521479,521480
A,52440,52441,521479
A,52441,521478,521479
A,52441,52442,521478
A,52442,521412,521478
A,52442,521413,521412
A,52442,521414,521413
A,52442,52673,521414
A,52673,52904,521414
A,52904,521415,521414
A,52904,521416,521415
A,52904,521135,521416
A,521135,521282,521416
A,521282,521417,521416
A,521282,521418,521417
A,521282,521303,521418
A,521303,521324,521418
A,521324,521419,521418
A,521324,521420,521419
A,521324,521345,521420
A,521345,521421,521420
A,521345,5221,521421
A,5221,5242,521421
A,5242,521422,521421
A,5242,5263,521422
A,5263,521423,521422
A,5263,521424,521423
A,5263,5284,521424
A,5284,52105,521424
A,52105,521425,521424
A,52105,521426,521425
A,52105,52126,521426
A,52126,52147,521426
A,52147,521427,521426
A,52147,52168,521427
A,52168,521428,521427
A,52168,52189,521428
A,52189,521429,521428
A,52189,521430,521429
A,52189,52210,521430
A,52210,52232,521430
A,52232,521431,521430
A,52232,521432,521431
A,52232,52253,521432
A,52253,52274,521432
A,52274,521433,521432
A,52274,521434,521433
A,52274,52295,521434
A,52295,521435,521434
A,52295,52316,521435
A,52316,52337,521435
A,52337,521436,521435
A,52337,521437,521436
A,52337,52358,521437
A,52358,52379,521437
A,52379,521438,521437
A,52379,521439,521438
A,52379,52400,521439
A,52400,521440,521439
A,52400,52421,521440
A,52421,52463,521440
A,52463,521441,521440
A,52463,521442,521441
A,52463,52484,521442
A,52484,52505,521442
A,52505,521443,521442
A,52505,521444,521443
A,52505,52526,521444
A,52526,521445,521444
A,52526,52547,521445
A,52547,521446,521445
A,52547,52568,521446
A,52568,521447,521446
A,52568,52589,521447
A,52589,52610,521447
A,52610,521448,521447
A,52610,52631,521448
A,52631,521449,521448
A,52631,521450,521449
A,52631,52652,521450
A,52652,521451,521450
A,52652,52694,521451
A,52694,52715,521451
A,52715,521452,521451
A,52715,521453,521452
A,52715,52736,521453
A,52736,521454,521453
A,52736,52757,521454
A,52757,521455,521454
A,52757,52778,521455
A,52778,521456,521455
A,52778,52799,521456
A,52799,521457,521456
A,52799,52820,521457
A,52820,521458,521457
A,52820,52841,521458
A,52841,52862,521458
A,52862,521459,521458
A,52862,521460,521459
A,52862,52883,521460
A,52883,521461,521460
A,52883,52925,521461
A,52925,521462,521461
A,52925,52946,521462
A,52946,52967,521462
A,52967,521463,521462
A,52967,521464,521463
A,52967,52988,521464
A,52988,521009,521464
A,521009,521465,521464
A,521009,521030,521465
A,521030,521466,521465
A,521030,521051,521466
A,521051,521467,521466
A,521051,521468,521467
A,521051,521072,521468
A,521072,521093,521468
A,521093,521469,521468
A,521093,521114,521469
A,521114,521470,521469
A,521114,521156,521470
A,521156,521471,521470
A,521156,521472,521471
A,521156,521177,521472
A,521177,521473,521472
A,521177,521198,521473
A,521198,521219,521473
A,521219,521474,521473
A,521219,521240,521474
A,521240,521475,521474
A,521240,521476,521475
A,521240,521261,521476
A,521261,521477,521476
A,521261,521500,521477
A,521261,521260,521500
A,521260,521501,521500
A,521260,521259,521501
A,521259,521502,521501
A,521259,521258,521502
A,521258,521503,521502
A,521258,521257,521503
A,521257,521504,521503
A,521257,521505,521504
A,521257,521256,521505
A,521256,521506,521505
A,521256,521255,521506
A,521255,521507,521506
A,521255,521254,521507
A,521254,521508,521507
A,521254,521253,521508
A,521253,521509,521508
A,521253,521252,521509
A,521252,521510,521509
A,521252,521251,521510
A,521251,521511,521510
A,521251,521250,521511
A,521250,521512,521511
A,521250,521249,521512
A,521249,521513,521512
A,521249,521248,521513
A,521248,521514,521513
A,521248,521247,521514
A,521247,521515,521514
A,521247,521246,521515
A,521246,521516,521515
A,521246,521245,521516
A,521245,521517,521516
A,521245,521244,521517
A,521244,521518,521517
A,521244,521243,521518
A,521243,521519,521518
A,521243,521242,521519
A,521242,521520,521519
A,521242,521241,521520
A,521241,521521,521520
A,521241,521410,521521
A,521410,521411,521521
A,521241,521409,521410
A,521241,521220,521409
A,521220,521199,521409
A,521199,521408,521409
A,521220,521221,521199
A,521221,521200,521199
A,521200,521178,521199
A,521200,521179,521178
A,521179,521158,521178
A,521158,521157,521178
A,521157,521406,521178
A,521406,521407,521178
A,521157,521405,521406
A,521157,521136,521405
A,521136,521404,521405
A,521136,521094,521404
A,521094,521403,521404
A,521094,521073,521403
A,521073,521052,521403
A,521052,521402,521403
A,521052,521401,521402
A,521052,521031,521401
A,521031,521400,521401
A,521031,521010,521400
A,521010,521399,521400
A,521010,52989,521399
A,52989,521398,521399
A,52989,52968,521398
A,52968,521397,521398
A,52968,52947,521397
A,52947,521396,521397
A,52947,52926,521396
A,52926,521395,521396
A,52926,52905,521395
A,52905,521394,521395
A,52905,52863,521394
A,52863,521393,521394
A,52863,52842,521393
A,52842,521392,521393
A,52842,52821,521392
A,52821,521391,521392
A,52821,52800,521391
A,52800,521390,521391
A,52800,52779,521390
A,52800,52801,52779
A,52801,52780,52779
A,52780,52759,52779
A,52759,52758,52779
A,52759,52738,52758
A,52738,52737,52758
A,52737,521389,52758
A,52737,521388,521389
A,52737,521387,521388
A,52737,52716,521387
A,52716,521386,521387
A,52716,52695,521386
A,52695,52674,521386
A,52674,521385,521386
A,52674,521384,521385
A,52674,52632,521384
A,52632,521383,521384
A,52632,52611,521383
A,52611,52590,521383
A,52590,521382,521383
A,52590,521381,521382
A,52590,52569,521381
A,52569,52548,521381
A,52548,521380,521381
A,52548,521379,521380
A,52548,52527,521379
A,52527,521378,521379
A,52527,52506,521378
A,52506,521377,521378
A,52506,52485,521377
A,52485,52464,521377
A,52464,521376,521377
A,52464,521375,521376
A,52464,52443,521375
A,52443,521374,521375
A,52443,52401,521374
A,52401,52380,521374
A,52380,521373,521374
A,52380,521372,521373
A,52380,52359,521372
A,52359,52338,521372
A,52338,521371,521372
A,52338,521370,521371
A,52338,52317,521370
A,52317,52296,521370
A,52296,521369,521370
A,52296,521368,521369
A,52296,52275,521368
A,52275,521367,521368
A,52275,52254,521367
A,52254,52233,521367
A,52233,521366,521367
A,52233,521365,521366
A,52233,52212,521365
A,52212,521364,521365
A,52212,52190,521364
A,52190,521363,521364
A,52190,52169,521363
A,52169,521362,521363
A,52169,52148,521362
A,52148,52127,521362
A,52127,521361,521362
A,52127,52106,521361
A,52106,521360,521361
A,52106,521359,521360
A,52106,5285,521359
A,5285,5264,521359
A,5264,521358,521359
A,5264,521357,521358
A,5264,5243,521357
A,5243,521356,521357
A,5243,5222,521356
A,5243,5223,5222
A,5243,5244,5223
A,5244,5224,5223
A,5224,523,5223
A,5224,524,523
A,524,521327,523
A,521327,521326,523
A,521327,521306,521326
A,521306,521305,521326
A,521305,521304,521326
A,521305,521284,521304
A,521284,521283,521304
A,521284,521262,521283
A,521284,521263,521262
A,521263,521116,521262
A,521116,521115,521262
A,521116,52884,521115
A,521116,52885,52884
A,52885,52653,52884
A,52885,52654,52653
A,52654,52423,52653
A,52423,52422,52653
A,52654,52424,52423
A,52654,52655,52424
A,52655,52425,52424
A,52425,52211,52424
A,52655,52656,52425
A,52656,52426,52425
A,52656,52657,52426
A,52657,52658,52426
A,52658,52427,52426
A,52658,52428,52427
A,52658,52659,52428
A,52659,52660,52428
A,52660,52429,52428
A,52660,52430,52429
A,52660,52661,52430
A,52661,52662,52430
A,52662,52431,52430
A,52662,52432,52431
A,52662,52663,52432
A,52663,52433,52432
A,52663,52664,52433
A,52664,52434,52433
A,52664,52665,52434
A,52664,52895,52665
A,52895,52896,52665
A,52896,52666,52665
A,52896,52897,52666
A,52897,52898,52666
A,52898,52667,52666
A,52667,52436,52666
A,52436,52435,52666
A,52667,52437,52436
A,52667,52668,52437
A,52668,52438,52437
A,52668,52669,52438
A,52669,52439,52438
A,52669,52670,52439
A,52670,52440,52439
A,52670,52671,52440
A,52671,52441,52440
A,52671,52672,52441
A,52672,52442,52441
A,52672,52673,52442
A,52672,52903,52673
A,52903,52904,52673
A,52903,521135,52904
A,52903,521134,521135
A,521134,521281,521135
A,521281,521282,521135
A,521281,521303,521282
A,521281,521302,521303
A,521302,521323,521303
A,521323,521324,521303
A,521323,521345,521324
A,521323,521344,521345
A,521344,5221,521345
A,521344,5220,5221
A,5220,5241,5221
A,5241,5242,5221
A,5241,5262,5242
A,5262,5263,5242
A,5262,5284,5263
A,5262,5283,5284
A,5283,52104,5284
A,52104,52105,5284
A,52104,52126,52105
A,52104,52125,52126
A,52125,52146,52126
A,52146,52147,52126
A,52146,52168,52147
A,52146,52167,52168
A,52167,52188,52168
A,52188,52189,52168
A,52188,52210,52189
A,52188,52209,52210
A,52209,52231,52210
A,52231,52232,52210
A,52231,52253,52232
A,52231,52252,52253
A,52252,52273,52253
A,52273,52274,52253
A,52273,52295,52274
A,52273,52294,52295
A,52294,52316,52295
A,52294,52315,52316
A,52315,52336,52316
A,52336,52337,52316
A,52336,52358,52337
A,52336,52357,52358
A,52357,52378,52358
A,52378,52379,52358
A,52378,52399,52379
A,52399,52400,52379
A,52399,52421,52400
A,52399,52420,52421
A,52420,52463,52421
A,52420,52462,52463
A,52462,52484,52463
A,52462,52483,52484
A,52483,52504,52484
A,52504,52505,52484
A,52504,52526,52505
A,52504,52525,52526
A,52525,52547,52526
A,52525,52546,52547
A,52546,52568,52547
A,52546,52567,52568
A,52567,52588,52568
A,52588,52589,52568
A,52588,52610,52589
A,52588,52609,52610
A,52609,52630,52610
A,52630,52631,52610
A,52630,52652,52631
A,52630,52651,52652
A,52651,52694,52652
A,52651,52693,52694
A,52693,52714,52694
A,52714,52715,52694
A,52714,52736,52715
A,52714,52735,52736
A,52735,52757,52736
A,52735,52756,52757
A,52756,52777,52757
A,52777,52778,52757
A,52777,52798,52778
A,52798,52799,52778
A,52798,52819,52799
A,52819,52820,52799
A,52819,52841,52820
A,52819,52840,52841
A,52840,52862,52841
A,52840,52861,52862
A,52861,52882,52862
A,52882,52883,52862
A,52882,52924,52883
A,52924,52925,52883
A,52924,52946,52925
A,52924,52945,52946
A,52945,52967,52946
A,52945,52966,52967
A,52966,52987,52967
A,52987,52988,52967
A,52987,521008,52988
A,521008,521009,52988
A,521008,521030,521009
A,521008,521029,521030
A,521029,521050,521030
A,521050,521051,521030
A,521050,521071,521051
A,521071,521072,521051
A,521071,521093,521072
A,521071,521092,521093
A,521092,521114,521093
A,521092,521113,521114
A,521113,521156,521114
A,521113,521155,521156
A,521155,521177,521156
A,521155,521176,521177
A,521176,521197,521177
A,521197,521198,521177
A,521197,521218,521198
A,521218,521219,521198
A,521218,521240,521219
A,521218,521239,521240
A,521239,521261,521240
A,521239,521260,521261
A,521239,521238,521260
A,521238,521259,521260
A,521238,521237,521259
A,521237,521258,521259
A,521237,521236,521258
A,521236,521257,521258
A,521236,521235,521257
A,521235,521256,521257
A,521235,521255,521256
A,521235,521234,521255
A,521234,521233,521255
A,521233,521254,521255
A,521233,521232,521254
A,521232,521253,521254
A,521232,521231,521253
A,521231,521252,521253
A,521231,521230,521252
A,521230,521251,521252
A,521230,521229,521251
A,521229,521250,521251
A,521229,521228,521250
A,521228,521249,521250
A,521228,521248,521249
A,521228,521227,521248
A,521227,521226,521248
A,521226,521247,521248
A,521226,521225,521247
A,521225,521246,521247
A,521225,521224,521246
A,521224,521245,521246
A,521224,521223,521245
A,521223,521244,521245
A,521223,521222,521244
A,521222,521243,521244
A,521222,521221,521243
A,521221,521242,521243
A,521221,521220,521242
A,521220,521241,521242
A,521222,521200,521221
A,521222,521201,521200
A,521201,521180,521200
A,521180,521179,521200
A,521180,521159,521179
A,521159,521158,521179
A,521159,521137,521158
A,521137,521136,521158
A,521136,521157,521158
A,521137,521095,521136
A,521095,521094,521136
A,521095,521073,521094
A,521095,521074,521073
A,521074,521052,521073
A,521074,521053,521052
A,521053,521032,521052
A,521032,521031,521052
A,521032,521010,521031
A,521032,521011,521010
A,521011,52989,521010
A,521011,52990,52989
A,52990,52968,52989
A,52990,52969,52968
A,52969,52947,52968
A,52969,52948,52947
A,52948,52926,52947
A,52948,52927,52926
A,52927,52906,52926
A,52906,52905,52926
A,52906,52863,52905
A,52906,52864,52863
A,52864,52842,52863
A,52864,52843,52842
A,52843,52822,52842
A,52822,52821,52842
A,52822,52801,52821
A,52801,52800,52821
A,52822,52823,52801
A,52823,52802,52801
A,52802,52780,52801
A,52802,52781,52780
A,52781,52760,52780
A,52760,52759,52780
A,52760,52739,52759
A,52739,52738,52759
A,52739,52718,52738
A,52718,52717,52738
A,52717,52737,52738
A,52717,52716,52737
A,52717,52696,52716
A,52696,52695,52716
A,52696,52675,52695
A,52675,52674,52695
A,52675,52632,52674
A,52675,52633,52632
A,52633,52611,52632
A,52633,52612,52611
A,52612,52591,52611
A,52591,52590,52611
A,52591,52569,52590
A,52591,52570,52569
A,52570,52549,52569
A,52549,52548,52569
A,52549,52527,52548
A,52549,52528,52527
A,52528,52507,52527
A,52507,52506,52527
A,52507,52486,52506
A,52486,52485,52506
A,52486,52465,52485
A,52465,52464,52485
A,52465,52443,52464
A,52465,52444,52443
A,52444,52401,52443
A,52444,52402,52401
A,52402,52380,52401
A,52402,52381,52380
A,52381,52360,52380
A,52360,52359,52380
A,52360,52339,52359
A,52339,52338,52359
A,52339,52317,52338
A,52339,52318,52317
A,52318,52297,52317
A,52297,52296,52317
A,52297,52276,52296
A,52276,52275,52296
A,52276,52254,52275
A,52276,52255,52254
A,52255,52234,52254
A,52234,52233,52254
A,52234,52212,52233
A,52234,52213,52212
A,52213,52190,52212
A,52213,52191,52190
A,52191,52169,52190
A,52191,52170,52169
A,52170,52148,52169
A,52170,52149,52148
A,52149,52128,52148
A,52128,52127,52148
A,52128,52107,52127
A,52107,52106,52127
A,52107,5285,52106
A,52107,5286,5285
A,5286,5265,5285
A,5265,5264,5285
A,5265,5243,5264
A,5265,5244,5243
A,5265,5266,5244
A,5266,5245,5244
A,5245,5224,5244
A,5245,5225,5224
A,5225,524,5224
A,5225,525,524
A,525,521328,524
A,521328,521327,524
A,521328,521307,521327
A,521307,521306,521327
A,521307,521286,521306
A,521286,521285,521306
A,521285,521305,521306
A,521285,521284,521305
A,521285,521263,521284
A,521285,521264,521263
A,521264,521117,521263
A,521117,521116,521263
A,521117,52885,521116
A,521117,52886,52885
A,52886,52654,52885
A,52886,52655,52654
A,52886,52887,52655
A,52887,52656,52655
A,52887,52657,52656
A,52887,52888,52657
A,52888,52889,52657
A,52889,52658,52657
A,52889,52890,52658
A,52890,52659,52658
A,52890,52891,52659
A,52891,52660,52659
A,52891,52892,52660
A,52892,52661,52660
A,52892,52893,52661
A,52893,52662,52661
A,52893,52894,52662
A,52894,52663,52662
A,52894,52664,52663
A,52894,52895,52664
A,52894,521126,52895
A,521126,521127,52895
A,521127,52896,52895
A,521127,521128,52896
A,521128,52897,52896
A,521128,521129,52897
A,521129,52898,52897
A,521129,521130,52898
A,521130,52899,52898
A,52899,52668,52898
A,52668,52667,52898
A,52899,52669,52668
A,52899,52900,52669
A,52900,52670,52669
A,52900,52901,52670
A,52901,52671,52670
A,52901,52902,52671
A,52902,52672,52671
A,52902,52903,52672
A,52902,521134,52903
A,52902,521133,521134
A,521133,521280,521134
A,521280,521281,521134
A,521280,521302,521281
A,521280,521301,521302
A,521301,521322,521302
A,521322,521323,521302
A,521322,521344,521323
A,521322,521343,521344
A,521343,5220,521344
A,521343,5219,5220
A,5219,5240,5220
A,5240,5241,5220
A,5240,5261,5241
A,5261,5262,5241
A,5261,5283,5262
A,5261,5282,5283
A,5282,52103,5283
A,52103,52104,5283
A,52103,52125,52104
A,52103,52124,52125
A,52124,52145,52125
A,52145,52146,52125
A,52145,52167,52146
A,52145,52166,52167
A,52166,52188,52167
A,52166,52187,52188
A,52187,52208,52188
A,52208,52209,52188
A,52208,52231,52209
A,52208,52230,52231
A,52230,52252,52231
A,52230,52251,52252
A,52251,52272,52252
A,52272,52273,52252
A,52272,52294,52273
A,52272,52293,52294
A,52293,52314,52294
A,52314,52315,52294
A,52314,52335,52315
A,52335,52336,52315
A,52335,52357,52336
A,52335,52356,52357
A,52356,52377,52357
A,52377,52378,52357
A,52377,52398,52378
A,52398,52399,52378
A,52398,52420,52399
A,52398,52419,52420
A,52419,52461,52420
A,52461,52462,52420
A,52461,52483,52462
A,52461,52482,52483
A,52482,52503,52483
A,52503,52504,52483
A,52503,52524,52504
A,52524,52525,52504
A,52524,52545,52525
A,52545,52546,52525
A,52545,52567,52546
A,52545,52566,52567
A,52566,52587,52567
A,52587,52588,52567
A,52587,52609,52588
A,52587,52608,52609
A,52608,52629,52609
A,52629,52630,52609
A,52629,52651,52630
A,52629,52650,52651
A,52650,52693,52651
A,52650,52692,52693
A,52692,52713,52693
A,52713,52714,52693
A,52713,52734,52714
A,52734,52735,52714
A,52734,52755,52735
A,52755,52756,52735
A,52755,52776,52756
A,52776,52777,52756
A,52776,52798,52777
A,52776,52797,52798
A,52797,52818,52798
A,52818,52819,52798
A,52818,52839,52819
A,52839,52840,52819
A,52839,52861,52840
A,52839,52860,52861
A,52860,52882,52861
A,52860,52881,52882
A,52881,52923,52882
A,52923,52924,52882
A,52923,52944,52924
A,52944,52945,52924
A,52944,52966,52945
A,52944,52965,52966
A,52965,52986,52966
A,52986,52987,52966
A,52986,521008,52987
A,52986,521007,521008
A,521007,521029,521008
A,521007,521028,521029
A,521028,521049,521029
A,521049,521050,521029
A,521049,521071,521050
A,521049,521070,521071
A,521070,521092,521071
A,521070,521091,521092
A,521091,521112,521092
A,521112,521113,521092
A,521112,521154,521113
A,521154,521155,521113
A,521154,521175,521155
A,521175,521176,521155
A,521175,521196,521176
A,521196,521197,521176
A,521196,521217,521197
A,521217,521218,521197
A,521217,521239,521218
A,521217,521238,521239
A,521217,521216,521238
A,521216,521237,521238
A,521216,521236,521237
A,521216,521215,521236
A,521215,521214,521236
A,521214,521235,521236
A,521214,521234,521235
A,521214,521213,521234
A,521213,521212,521234
A,521212,521233,521234
A,521212,521232,521233
A,521212,521211,521232
A,521211,521210,521232
A,521210,521231,521232
A,521210,521230,521231
A,521210,521209,521230
A,521209,521229,521230
A,521209,521208,521229
A,521208,521228,521229
A,521208,521207,521228
A,521207,521227,521228
A,521207,521206,521227
A,521206,521226,521227
A,521206,521205,521226
A,521205,521204,521226
A,521204,521225,521226
A,521204,521203,521225
A,521203,521224,521225
A,521203,521223,521224
A,521203,521202,521223
A,521202,521222,521223
A,521202,521201,521222
A,521202,521180,521201
A,521202,521181,521180
A,521181,521159,521180
A,521181,521160,521159
A,521181,521182,521160
A,521182,521161,521160
A,521161,521140,521160
A,521140,521139,521160
A,521140,521098,521139
A,521098,521097,521139
A,521097,521096,521139
A,521096,521138,521139
A,521138,521159,521139
A,521138,521137,521159
A,521138,521095,521137
A,521138,521096,521095
A,521096,521074,521095
A,521096,521075,521074
A,521075,521053,521074
A,521075,521054,521053
A,521054,521032,521053
A,521054,521033,521032
A,521033,521012,521032
A,521012,521011,521032
A,521012,52990,521011
A,521012,52991,52990
A,52991,52970,52990
A,52970,52969,52990
A,52970,52949,52969
A,52949,52948,52969
A,52949,52928,52948
A,52928,52927,52948
A,52928,52907,52927
A,52907,52906,52927
A,52907,52865,52906
A,52865,52864,52906
A,52865,52844,52864
A,52844,52843,52864
A,52844,52822,52843
A,52844,52823,52822
A,52844,52845,52823
A,52845,52824,52823
A,52824,52802,52823
A,52824,52803,52802
A,52803,52781,52802
A,52803,52782,52781
A,52782,52761,52781
A,52761,52760,52781
A,52761,52739,52760
A,52761,52740,52739
A,52740,52718,52739
A,52740,52719,52718
A,52719,52698,52718
A,52698,52697,52718
A,52697,52717,52718
A,52697,52696,52717
A,52697,52676,52696
A,52676,52675,52696
A,52676,52633,52675
A,52676,52634,52633
A,52634,52613,52633
A,52613,52612,52633
A,52613,52592,52612
A,52592,52591,52612
A,52592,52570,52591
A,52592,52571,52570
A,52571,52550,52570
A,52550,52549,52570
A,52550,52528,52549
A,52550,52529,52528
A,52529,52507,52528
A,52529,52508,52507
A,52508,52487,52507
A,52487,52486,52507
A,52487,52466,52486
A,52466,52465,52486
A,52466,52444,52465
A,52466,52445,52444
A,52445,52403,52444
A,52403,52402,52444
A,52403,52381,52402
A,52403,52382,52381
A,52382,52361,52381
A,52361,52360,52381
A,52361,52340,52360
A,52340,52339,52360
A,52340,52318,52339
A,52340,52319,52318
A,52319,52298,52318
A,52298,52297,52318
A,52298,52276,52297
A,52298,52277,52276
A,52277,52255,52276
A,52277,52256,52255
A,52256,52235,52255
A,52235,52234,52255
A,52235,52213,52234
A,52235,52214,52213
A,52214,52192,52213
A,52192,52191,52213
A,52192,52171,52191
A,52171,52170,52191
A,52171,52149,52170
A,52171,52150,52149
A,52150,52128,52149
A,52150,52129,52128
A,52129,52108,52128
A,52108,52107,52128
A,52108,5286,52107
A,52108,5287,5286
A,5287,5266,5286
A,5266,5265,5286
A,5287,5267,5266
A,5267,5245,5266
A,5267,5246,5245
A,5246,5225,5245
A,5246,5226,5225
A,5226,525,5225
A,5226,526,525
A,526,521329,525
A,521329,521328,525
A,521329,521307,521328
A,521329,521308,521307
A,521308,521287,521307
A,521287,521286,521307
A,521287,521265,521286
A,521265,521264,521286
A,521264,521285,521286
A,521265,521118,521264
A,521118,521117,521264
A,521118,52886,521117
A,521118,52887,52886
A,521118,521119,52887
A,521119,52888,52887
A,521119,521120,52888
A,521120,52889,52888
A,521120,521121,52889
A,521121,52890,52889
A,521121,521122,52890
A,521122,52891,52890
A,521122,521123,52891
A,521123,52892,52891
A,521123,52893,52892
A,521123,521124,52893
A,521124,521125,52893
A,521125,52894,52893
A,521125,521126,52894
A,521125,521272,521126
A,521272,521273,521126
A,521273,521127,521126
A,521273,521274,521127
A,521274,521128,521127
A,521274,521275,521128
A,521275,521129,521128
A,521275,521276,521129
A,521276,521130,521129
A,521276,521277,521130
A,521277,521131,521130
A,521131,52899,521130
A,521131,52900,52899
A,521131,521132,52900
A,521132,52901,52900
A,521132,521133,52901
A,521133,52902,52901
A,521132,521279,521133
A,521279,521280,521133
A,521279,521301,521280
A,521279,521300,521301
A,521300,521321,521301
A,521321,521322,521301
A,521321,521342,521322
A,521342,521343,521322
A,521342,5219,521343
A,521342,5218,5219
A,5218,5239,5219
A,5239,5240,5219
A,5239,5260,5240
A,5260,5261,5240
A,5260,5282,5261
A,5260,5281,5282
A,5281,52102,5282
A,52102,52103,5282
A,52102,52124,52103
A,52102,52123,52124
A,52123,52144,52124
A,52144,52145,52124
A,52144,52166,52145
A,52144,52165,52166
A,52165,52187,52166
A,52165,52186,52187
A,52186,52207,52187
A,52207,52208,52187
A,52207,52229,52208
A,52229,52230,52208
A,52229,52251,52230
A,52229,52250,52251
A,52250,52271,52251
A,52271,52272,52251
A,52271,52293,52272
A,52271,52292,52293
A,52292,52313,52293
A,52313,52314,52293
A,52313,52334,52314
A,52334,52335,52314
A,52334,52356,52335
A,52334,52355,52356
A,52355,52376,52356
A,52376,52377,52356
A,52376,52398,52377
A,52376,52397,52398
A,52397,52418,52398
A,52418,52419,52398
A,52418,52461,52419
A,52418,52460,52461
A,52460,52482,52461
A,52460,52481,52482
A,52481,52502,52482
A,52502,52503,52482
A,52502,52523,52503
A,52523,52524,52503
A,52523,52545,52524
A,52523,52544,52545
A,52544,52566,52545
A,52544,52565,52566
A,52565,52586,52566
A,52586,52587,52566
A,52586,52608,52587
A,52586,52607,52608
A,52607,52628,52608
A,52628,52629,52608
A,52628,52650,52629
A,52628,52649,52650
A,52649,52692,52650
A,52649,52691,52692
A,52691,52712,52692
A,52712,52713,52692
A,52712,52733,52713
A,52733,52734,52713
A,52733,52755,52734
A,52733,52754,52755
A,52754,52775,52755
A,52775,52776,52755
A,52775,52797,52776
A,52775,52796,52797
A,52796,52817,52797
A,52817,52818,52797
A,52817,52838,52818
A,52838,52839,52818
A,52838,52860,52839
A,52838,52859,52860
A,52859,52880,52860
A,52880,52881,52860
A,52880,52922,52881
A,52922,52923,52881
A,52922,52943,52923
A,52943,52944,52923
A,52943,52965,52944
A,52943,52964,52965
A,52964,52986,52965
A,52964,52985,52986
A,52985,521006,52986
A,521006,521007,52986
A,521006,521027,521007
A,521027,521028,521007
A,521027,521049,521028
A,521027,521048,521049
A,521048,521070,521049
A,521048,521069,521070
A,521069,521091,521070
A,521069,521090,521091
A,521090,521111,521091
A,521111,521112,521091
A,521111,521153,521112
A,521153,521154,521112
A,521153,521175,521154
A,521153,521174,521175
A,521174,521195,521175
A,521195,521196,521175
A,521195,521217,521196
A,521195,521216,521217
A,521195,521194,521216
A,521194,521215,521216
A,521194,521214,521215
A,521194,521193,521214
A,521193,521213,521214
A,521193,521192,521213
A,521192,521212,521213
A,521192,521191,521212
A,521191,521211,521212
A,521191,521190,521211
A,521190,521189,521211
A,521189,521210,521211
A,521189,521188,521210
A,521188,521209,521210
A,521188,521187,521209
A,521187,521208,521209
A,521187,521186,521208
A,521186,521207,521208
A,521186,521185,521207
A,521185,521206,521207
A,521185,521184,521206
A,521184,521205,521206
A,521184,521183,521205
A,521183,521204,521205
A,521183,521203,521204
A,521183,521182,521203
A,521182,521181,521203
A,521181,521202,521203
A,521183,521161,521182
A,521183,521162,521161
A,521162,521140,521161
A,521162,521141,521140
A,521141,521099,521140
A,521099,521098,521140
A,521099,521078,521098
A,521078,521077,521098
A,521077,521076,521098
A,521076,521097,521098
A,521076,521075,521097
A,521075,521096,521097
A,521076,521054,521075
A,521076,521055,521054
A,521055,521033,521054
A,521055,521034,521033
A,521034,521013,521033
A,521013,521012,521033
A,521013,52991,521012
A,521013,52992,52991
A,52992,52971,52991
A,52971,52970,52991
A,52971,52949,52970
A,52971,52950,52949
A,52950,52928,52949
A,52950,52929,52928
A,52929,52907,52928
A,52929,52908,52907
A,52908,52866,52907
A,52866,52865,52907
A,52866,52845,52865
A,52845,52844,52865
A,52866,52867,52845
A,52867,52846,52845
A,52846,52824,52845
A,52846,52825,52824
A,52825,52804,52824
A,52804,52803,52824
A,52804,52782,52803
A,52804,52783,52782
A,52783,52762,52782
A,52762,52761,52782
A,52762,52741,52761
A,52741,52740,52761
A,52741,52719,52740
A,52741,52720,52719
A,52720,52698,52719
A,52720,52699,52698
A,52699,52678,52698
A,52678,52677,52698
A,52677,52697,52698
A,52677,52676,52697
A,52677,52634,52676
A,52677,52635,52634
A,52635,52613,52634
A,52635,52614,52613
A,52614,52593,52613
A,52593,52592,52613
A,52593,52572,52592
A,52572,52571,52592
A,52572,52551,52571
A,52551,52550,52571
A,52551,52529,52550
A,52551,52530,52529
A,52530,52509,52529
A,52509,52508,52529
A,52509,52488,52508
A,52488,52487,52508
A,52488,52467,52487
A,52467,52466,52487
A,52467,52445,52466
A,52467,52446,52445
A,52446,52404,52445
A,52404,52403,52445
A,52404,52382,52403
A,52404,52383,52382
A,52383,52361,52382
A,52383,52362,52361
A,52362,52341,52361
A,52341,52340,52361
A,52341,52319,52340
A,52341,52320,52319
A,52320,52299,52319
A,52299,52298,52319
A,52299,52277,52298
A,52299,52278,52277
A,52278,52256,52277
A,52278,52257,52256
A,52257,52236,52256
A,52236,52235,52256
A,52236,52214,52235
A,52236,52215,52214
A,52215,52193,52214
A,52193,52192,52214
A,52193,52171,52192
A,52193,52172,52171
A,52172,52151,52171
A,52151,52150,52171
A,52151,52130,52150
A,52130,52129,52150
A,52130,52109,52129
A,52109,52108,52129
A,52109,5287,52108
A,52109,5288,5287
A,5288,5267,5287
A,5288,5268,5267
A,5268,5246,5267
A,5268,5247,5246
A,5247,5226,5246
A,5247,5227,5226
A,5227,526,5226
A,5227,527,526
A,527,521330,526
A,521330,521329,526
A,521330,521308,521329
A,521330,521309,521308
A,521309,521288,521308
A,521288,521287,521308
A,521288,521266,521287
A,521266,521265,521287
A,521266,521119,521265
A,521119,521118,521265
A,521266,521120,521119
A,521266,521267,521120
A,521267,521121,521120
A,521267,521268,521121
A,521268,521122,521121
A,521268,521269,521122
A,521269,521123,521122
A,521269,521270,521123
A,521270,521124,521123
A,521270,521271,521124
A,521271,521125,521124
A,521271,521272,521125
A,521271,521293,521272
A,521293,521294,521272
A,521294,521273,521272
A,521294,521295,521273
A,521295,521274,521273
A,521295,521296,521274
A,521296,521275,521274
A,521296,521297,521275
A,521297,521276,521275
A,521297,521298,521276
A,521298,521277,521276
A,521298,521299,521277
A,521299,521278,521277
A,521278,521131,521277
A,521278,521132,521131
A,521278,521279,521132
A,521278,521300,521279
A,521278,521299,521300
A,521299,521320,521300
A,521320,521321,521300
A,521320,521341,521321
A,521341,521342,521321
A,521341,5218,521342
A,521341,5217,5218
A,5217,5238,5218
A,5238,5239,5218
A,5238,5259,5239
A,5259,5260,5239
A,5259,5281,5260
A,5259,5280,5281
A,5280,52101,5281
A,52101,52102,5281
A,52101,52123,52102
A,52101,52122,52123
A,52122,52143,52123
A,52143,52144,52123
A,52143,52165,52144
A,52143,52164,52165
A,52164,52185,52165
A,52185,52186,52165
A,52185,52206,52186
A,52206,52207,52186
A,52206,52228,52207
A,52228,52229,52207
A,52228,52250,52229
A,52228,52249,52250
A,52249,52270,52250
A,52270,52271,52250
A,52270,52292,52271
A,52270,52291,52292
A,52291,52312,52292
A,52312,52313,52292
A,52312,52333,52313
A,52333,52334,52313
A,52333,52355,52334
A,52333,52354,52355
A,52354,52375,52355
A,52375,52376,52355
A,52375,52396,52376
A,52396,52397,52376
A,52396,52417,52397
A,52417,52418,52397
A,52417,52459,52418
A,52459,52460,52418
A,52459,52481,52460
A,52459,52480,52481
A,52480,52501,52481
A,52501,52502,52481
A,52501,52522,52502
A,52522,52523,52502
A,52522,52543,52523
A,52543,52544,52523
A,52543,52565,52544
A,52543,52564,52565
A,52564,52585,52565
A,52585,52586,52565
A,52585,52607,52586
A,52585,52606,52607
A,52606,52627,52607
A,52627,52628,52607
A,52627,52648,52628
A,52648,52649,52628
A,52648,52691,52649
A,52648,52690,52691
A,52690,52711,52691
A,52711,52712,52691
A,52711,52732,52712
A,52732,52733,52712
A,52732,52753,52733
A,52753,52754,52733
A,52753,52774,52754
A,52774,52775,52754
A,52774,52796,52775
A,52774,52795,52796
A,52795,52816,52796
A,52816,52817,52796
A,52816,52838,52817
A,52816,52837,52838
A,52837,52859,52838
A,52837,52858,52859
A,52858,52879,52859
A,52879,52880,52859
A,52879,52922,52880
A,52879,52921,52922
A,52921,52942,52922
A,52942,52943,52922
A,52942,52964,52943
A,52942,52963,52964
A,52963,52984,52964
A,52984,52985,52964
A,52984,521005,52985
A,521005,521006,52985
A,521005,521026,521006
A,521026,521027,521006
A,521026,521047,521027
A,521047,521048,521027
A,521047,521068,521048
A,521068,521069,521048
A,521068,521089,521069
A,521089,521090,521069
A,521089,521111,521090
A,521089,521110,521111
A,521110,521152,521111
A,521152,521153,521111
A,521152,521174,521153
A,521152,521173,521174
A,521173,521194,521174
A,521194,521195,521174
A,521173,521193,521194
A,521173,521172,521193
A,521172,521171,521193
A,521171,521192,521193
A,521171,521191,521192
A,521171,521170,521191
A,521170,521190,521191
A,521170,521169,521190
A,521169,521189,521190
A,521169,521168,521189
A,521168,521167,521189
A,521167,521188,521189
A,521167,521187,521188
A,521167,521166,521187
A,521166,521186,521187
A,521166,521165,521186
A,521165,521164,521186
A,521164,521185,521186
A,521164,521184,521185
A,521164,521163,521184
A,521163,521183,521184
A,521163,521162,521183
A,521163,521141,521162
A,521163,521142,521141
A,521142,521099,521141
A,521142,521100,521099
A,521100,521079,521099
A,521079,521078,521099
A,521079,521057,521078
A,521057,521056,521078
A,521056,521077,521078
A,521056,521076,521077
A,521056,521055,521076
A,521056,521034,521055
A,521056,521035,521034
A,521035,521014,521034
A,521014,521013,521034
A,521014,52992,521013
A,521014,52993,52992
A,52993,52972,52992
A,52972,52971,52992
A,52972,52950,52971
A,52972,52951,52950
A,52951,52929,52950
A,52951,52930,52929
A,52930,52909,52929
A,52909,52908,52929
A,52909,52867,52908
A,52867,52866,52908
A,52909,52910,52867
A,52910,52868,52867
A,52868,52847,52867
A,52847,52846,52867
A,52847,52826,52846
A,52826,52825,52846
A,52826,52804,52825
A,52826,52805,52804
A,52805,52783,52804
A,52805,52784,52783
A,52784,52762,52783
A,52784,52763,52762
A,52763,52742,52762
A,52742,52741,52762
A,52742,52720,52741
A,52742,52721,52720
A,52721,52700,52720
A,52700,52699,52720
A,52700,52679,52699
A,52679,52678,52699
A,52679,52636,52678
A,52636,52635,52678
A,52635,52677,52678
A,52636,52615,52635
A,52615,52614,52635
A,52615,52594,52614
A,52594,52593,52614
A,52594,52572,52593
A,52594,52573,52572
A,52573,52552,52572
A,52552,52551,52572
A,52552,52530,52551
A,52552,52531,52530
A,52531,52509,52530
A,52531,52510,52509
A,52510,52489,52509
A,52489,52488,52509
A,52489,52468,52488
A,52468,52467,52488
A,52468,52446,52467
A,52468,52447,52446
A,52447,52405,52446
A,52405,52404,52446
A,52405,52384,52404
A,52384,52383,52404
A,52384,52362,52383
A,52384,52363,52362
A,52363,52342,52362
A,52342,52341,52362
A,52342,52320,52341
A,52342,52321,52320
A,52321,52300,52320
A,52300,52299,52320
A,52300,52278,52299
A,52300,52279,52278
A,52279,52257,52278
A,52279,52258,52257
A,52258,52237,52257
A,52237,52236,52257
A,52237,52215,52236
A,52237,52216,52215
A,52216,52193,52215
A,52216,52194,52193
A,52194,52172,52193
A,52194,52173,52172
A,52173,52152,52172
A,52152,52151,52172
A,52152,52131,52151
A,52131,52130,52151
A,52131,52110,52130
A,52110,52109,52130
A,52110,5288,52109
A,52110,5289,5288
A,5289,5268,5288
A,5289,5290,5268
A,5290,5269,5268
A,5269,5247,5268
A,5269,5248,5247
A,5248,5227,5247
A,5248,5228,5227
A,5228,527,5227
A,5228,528,527
A,528,521331,527
A,521331,521330,527
A,521331,521310,521330
A,521310,521309,521330
A,521310,521289,521309
A,521289,521288,521309
A,521289,521267,521288
A,521267,521266,521288
A,521289,521268,521267
A,521289,521290,521268
A,521290,521269,521268
A,521290,521291,521269
A,521291,521270,521269
A,521291,521292,521270
A,521292,521271,521270
A,521292,521293,521271
A,521292,521313,521293
A,521313,521314,521293
A,521314,521294,521293
A,521314,521315,521294
A,521315,521295,521294
A,521315,521316,521295
A,521316,521296,521295
A,521316,521317,521296
A,521317,521297,521296
A,521317,521318,521297
A,521318,521298,521297
A,521318,521319,521298
A,521319,521299,521298
A,521319,521320,521299
A,521319,521340,521320
A,521340,521341,521320
A,521340,5217,521341
A,521340,5216,5217
A,5216,5237,5217
A,5237,5238,5217
A,5237,5258,5238
A,5258,5259,5238
A,5258,5280,5259
A,5258,5279,5280
A,5279,52100,5280
A,52100,52101,5280
A,52100,52122,52101
A,52100,52121,52122
A,52121,52142,52122
A,52142,52143,52122
A,52142,52164,52143
A,52142,52163,52164
A,52163,52184,52164
A,52184,52185,52164
A,52184,52206,52185
A,52184,52205,52206
A,52205,52228,52206
A,52205,52227,52228
A,52227,52249,52228
A,52227,52248,52249
A,52248,52269,52249
A,52269,52270,52249
A,52269,52291,52270
A,52269,52290,52291
A,52290,52312,52291
A,52290,52311,52312
A,52311,52332,52312
A,52332,52333,52312
A,52332,52354,52333
A,52332,52353,52354
A,52353,52374,52354
A,52374,52375,52354
A,52374,52396,52375
A,52374,52395,52396
A,52395,52416,52396
A,52416,52417,52396
A,52416,52458,52417
A,52458,52459,52417
A,52458,52480,52459
A,52458,52479,52480
A,52479,52500,52480
A,52500,52501,52480
A,52500,52522,52501
A,52500,52521,52522
A,52521,52542,52522
A,52542,52543,52522
A,52542,52564,52543
A,52542,52563,52564
A,52563,52584,52564
A,52584,52585,52564
A,52584,52606,52585
A,52584,52605,52606
A,52605,52626,52606
A,52626,52627,52606
A,52626,52648,52627
A,52626,52647,52648
A,52647,52690,52648
A,52647,52689,52690
A,52689,52710,52690
A,52710,52711,52690
A,52710,52732,52711
A,52710,52731,52732
A,52731,52753,52732
A,52731,52752,52753
A,52752,52774,52753
A,52752,52773,52774
A,52773,52795,52774
A,52773,52794,52795
A,52794,52815,52795
A,52815,52816,52795
A,52815,52837,52816
A,52815,52836,52837
A,52836,52858,52837
A,52836,52857,52858
A,52857,52878,52858
A,52878,52879,52858
A,52878,52920,52879
A,52920,52921,52879
A,52920,52941,52921
A,52941,52942,52921
A,52941,52963,52942
A,52941,52962,52963
A,52962,52984,52963
A,52962,52983,52984
A,52983,521004,52984
A,521004,521005,52984
A,521004,521025,521005
A,521025,521026,521005
A,521025,521047,521026
A,521025,521046,521047
A,521046,521068,521047
A,521046,521067,521068
A,521067,521089,521068
A,521067,521088,521089
A,521088,521110,521089
A,521088,521109,521110
A,521109,521151,521110
A,521151,521152,521110
A,521151,521173,521152
A,521151,521172,521173
A,521151,521150,521172
A,521150,521171,521172
A,521150,521149,521171
A,521149,521170,521171
A,521149,521169,521170
A,521149,521148,521169
A,521148,521147,521169
A,521147,521168,521169
A,521147,521146,521168
A,521146,521167,521168
A,521146,521166,521167
A,521146,521145,521166
A,521145,521165,521166
A,521145,521144,521165
A,521144,521143,521165
A,521143,521164,521165
A,521143,521142,521164
A,521142,521163,521164
A,521143,521101,521142
A,521101,521100,521142
A,521101,521080,521100
A,521080,521079,521100
A,521080,521058,521079
A,521058,521057,521079
A,521058,521037,521057
A,521037,521036,521057
A,521036,521035,521057
A,521035,521056,521057
A,521036,521015,521035
A,521015,521014,521035
A,521015,52994,521014
A,52994,52993,521014
A,52994,52972,52993
A,52994,52973,52972
A,52973,52951,52972
A,52973,52952,52951
A,52952,52930,52951
A,52952,52931,52930
A,52931,52910,52930
A,52910,52909,52930
A,52931,52932,52910
A,52932,52911,52910
A,52911,52868,52910
A,52911,52869,52868
A,52869,52848,52868
A,52848,52847,52868
A,52848,52827,52847
A,52827,52826,52847
A,52827,52805,52826
A,52827,52806,52805
A,52806,52785,52805
A,52785,52784,52805
A,52785,52763,52784
A,52785,52764,52763
A,52764,52743,52763
A,52743,52742,52763
A,52743,52721,52742
A,52743,52722,52721
A,52722,52701,52721
A,52701,52700,52721
A,52701,52680,52700
A,52680,52679,52700
A,52680,52637,52679
A,52637,52636,52679
A,52637,52616,52636
A,52616,52615,52636
A,52616,52595,52615
A,52595,52594,52615
A,52595,52573,52594
A,52595,52574,52573
A,52574,52553,52573
A,52553,52552,52573
A,52553,52531,52552
A,52553,52532,52531
A,52532,52511,52531
A,52511,52510,52531
A,52511,52490,52510
A,52490,52489,52510
A,52490,52469,52489
A,52469,52468,52489
A,52469,52447,52468
A,52469,52448,52447
A,52448,52406,52447
A,52406,52405,52447
A,52406,52385,52405
A,52385,52384,52405
A,52385,52363,52384
A,52385,52364,52363
A,52364,52343,52363
A,52343,52342,52363
A,52343,52321,52342
A,52343,52322,52321
A,52322,52301,52321
A,52301,52300,52321
A,52301,52280,52300
A,52280,52279,52300
A,52280,52258,52279
A,52280,52259,52258
A,52259,52238,52258
A,52238,52237,52258
A,52238,52216,52237
A,52238,52217,52216
A,52217,52194,52216
A,52217,52195,52194
A,52195,52173,52194
A,52195,52174,52173
A,52174,52152,52173
A,52174,52153,52152
A,52153,52132,52152
A,52132,52131,52152
A,52132,52111,52131
A,52111,52110,52131
A,52111,5289,52110
A,52111,5290,5289
A,52111,52112,5290
A,52112,5291,5290
A,5291,5270,5290
A,5270,5269,5290
A,5270,5248,5269
A,5270,5249,5248
A,5249,5228,5248
A,5249,5229,5228
A,5229,528,5228
A,5229,529,528
A,529,521332,528
A,521332,521331,528
A,521332,521311,521331
A,521311,521310,521331
A,521311,521290,521310
A,521290,521289,521310
A,521311,521291,521290
A,521311,521312,521291
A,521312,521292,521291
A,521312,521313,521292
A,521312,521333,521313
A,521333,521334,521313
A,521334,521335,521313
A,521335,521314,521313
A,521335,521336,521314
A,521336,521315,521314
A,521336,521316,521315
A,521336,521337,521316
A,521337,521317,521316
A,521337,521338,521317
A,521338,521339,521317
A,521339,521318,521317
A,521339,521340,521318
A,521340,521319,521318
A,521339,5216,521340
A,521339,5215,5216
A,5215,5236,5216
A,5236,5237,5216
A,5236,5257,5237
A,5257,5258,5237
A,5257,5279,5258
A,5257,5278,5279
A,5278,5299,5279
A,5299,52100,5279
A,5299,52121,52100
A,5299,52120,52121
A,52120,52141,52121
A,52141,52142,52121
A,52141,52163,52142
A,52141,52162,52163
A,52162,52183,52163
A,52183,52184,52163
A,52183,52205,52184
A,52183,52204,52205
A,52204,52226,52205
A,52226,52227,52205
A,52226,52248,52227
A,52226,52247,52248
A,52247,52268,52248
A,52268,52269,52248
A,52268,52290,52269
A,52268,52289,52290
A,52289,52310,52290
A,52310,52311,52290
A,52310,52331,52311
A,52331,52332,52311
A,52331,52353,52332
A,52331,52352,52353
A,52352,52373,52353
A,52373,52374,52353
A,52373,52395,52374
A,52373,52394,52395
A,52394,52416,52395
A,52394,52415,52416
A,52415,52457,52416
A,52457,52458,52416
A,52457,52479,52458
A,52457,52478,52479
A,52478,52499,52479
A,52499,52500,52479
A,52499,52521,52500
A,52499,52520,52521
A,52520,52541,52521
A,52541,52542,52521
A,52541,52563,52542
A,52541,52562,52563
A,52562,52583,52563
A,52583,52584,52563
A,52583,52605,52584
A,52583,52604,52605
A,52604,52625,52605
A,52625,52626,52605
A,52625,52647,52626
A,52625,52646,52647
A,52646,52689,52647
A,52646,52688,52689
A,52688,52709,52689
A,52709,52710,52689
A,52709,52731,52710
A,52709,52730,52731
A,52730,52752,52731
A,52730,52751,52752
A,52751,52772,52752
A,52772,52773,52752
A,52772,52793,52773
A,52793,52794,52773
A,52793,52814,52794
A,52814,52815,52794
A,52814,52835,52815
A,52835,52836,52815
A,52835,52857,52836
A,52835,52856,52857
A,52856,52878,52857
A,52856,52877,52878
A,52877,52919,52878
A,52919,52920,52878
A,52919,52940,52920
A,52940,52941,52920
A,52940,52961,52941
A,52961,52962,52941
A,52961,52983,52962
A,52961,52982,52983
A,52982,521003,52983
A,521003,521004,52983
A,521003,521024,521004
A,521024,521025,521004
A,521024,521046,521025
A,521024,521045,521046
A,521045,521067,521046
A,521045,521066,521067
A,521066,521088,521067
A,521066,521087,521088
A,521087,521108,521088
A,521108,521109,521088
A,521108,521151,521109
A,521108,521150,521151
A,521108,521107,521150
A,521107,521149,521150
A,521107,521106,521149
A,521106,521148,521149
A,521106,521147,521148
A,521106,521105,521147
A,521105,521104,521147
A,521104,521146,521147
A,521104,521145,521146
A,521104,521103,521145
A,521103,521144,521145
A,521103,521102,521144
A,521102,521101,521144
A,521101,521143,521144
A,521102,521080,521101
A,521102,521081,521080
A,521081,521059,521080
A,521059,521058,521080
A,521059,521037,521058
A,521059,521038,521037
A,521038,521017,521037
A,521017,521016,521037
A,521016,521015,521037
A,521015,521036,521037
A,521016,52995,521015
A,52995,52994,521015
A,52995,52974,52994
A,52974,52973,52994
A,52974,52953,52973
A,52953,52952,52973
A,52953,52932,52952
A,52932,52931,52952
A,52953,52933,52932
A,52933,52911,52932
A,52933,52912,52911
A,52912,52870,52911
A,52870,52869,52911
A,52870,52849,52869
A,52849,52848,52869
A,52849,52828,52848
A,52828,52827,52848
A,52828,52807,52827
A,52807,52806,52827
A,52807,52786,52806
A,52786,52785,52806
A,52786,52764,52785
A,52786,52765,52764
A,52765,52743,52764
A,52765,52744,52743
A,52744,52722,52743
A,52744,52723,52722
A,52723,52702,52722
A,52702,52701,52722
A,52702,52681,52701
A,52681,52680,52701
A,52681,52638,52680
A,52638,52637,52680
A,52638,52616,52637
A,52638,52617,52616
A,52617,52596,52616
A,52596,52595,52616
A,52596,52574,52595
A,52596,52575,52574
A,52575,52554,52574
A,52554,52553,52574
A,52554,52532,52553
A,52554,52533,52532
A,52533,52512,52532
A,52512,52511,52532
A,52512,52490,52511
A,52512,52491,52490
A,52491,52470,52490
A,52470,52469,52490
A,52470,52448,52469
A,52470,52449,52448
A,52449,52406,52448
A,52449,52407,52406
A,52407,52386,52406
A,52386,52385,52406
A,52386,52365,52385
A,52365,52364,52385
A,52365,52344,52364
A,52344,52343,52364
A,52344,52322,52343
A,52344,52323,52322
A,52323,52302,52322
A,52302,52301,52322
A,52302,52281,52301
A,52281,52280,52301
A,52281,52259,52280
A,52281,52260,52259
A,52260,52239,52259
A,52239,52238,52259
A,52239,52217,52238
A,52239,52218,52217
A,52218,52195,52217
A,52218,52196,52195
A,52196,52174,52195
A,52196,52175,52174
A,52175,52153,52174
A,52175,52154,52153
A,52154,52133,52153
A,52133,52132,52153
A,52133,52112,52132
A,52112,52111,52132
A,52133,52113,52112
A,52113,5291,52112
A,52113,5292,5291
A,5292,5271,5291
A,5271,5270,5291
A,5271,5249,5270
A,5271,5250,5249
A,5250,5229,5249
A,5250,5230,5229
A,5230,529,5229
A,5230,5210,529
A,5210,521333,529
A,521333,521332,529
A,521333,521312,521332
A,521312,521311,521332
A,5210,521334,521333
A,5210,5211,521334
A,5211,521335,521334
A,5211,5212,521335
A,5212,521336,521335
A,5212,5213,521336
A,5213,521337,521336
A,5213,5214,521337
A,5214,521338,521337
A,5214,5215,521338
A,5215,521339,521338
A,5214,5235,5215
A,5235,5236,5215
A,5235,5257,5236
A,5235,5256,5257
A,5256,5278,5257
A,5256,5277,5278
A,5277,5298,5278
A,5298,5299,5278
A,5298,52120,5299
A,5298,52119,52120
A,52119,52140,52120
A,52140,52141,52120
A,52140,52162,52141
A,52140,52161,52162
A,52161,52182,52162
A,52182,52183,52162
A,52182,52204,52183
A,52182,52203,52204
A,52203,52226,52204
A,52203,52225,52226
A,52225,52247,52226
A,52225,52246,52247
A,52246,52267,52247
A,52267,52268,52247
A,52267,52289,52268
A,52267,52288,52289
A,52288,52309,52289
A,52309,52310,52289
A,52309,52330,52310
A,52330,52331,52310
A,52330,52352,52331
A,52330,52351,52352
A,52351,52372,52352
A,52372,52373,52352
A,52372,52393,52373
A,52393,52394,52373
A,52393,52414,52394
A,52414,52415,52394
A,52414,52457,52415
A,52414,52456,52457
A,52456,52478,52457
A,52456,52477,52478
A,52477,52498,52478
A,52498,52499,52478
A,52498,52520,52499
A,52498,52519,52520
A,52519,52540,52520
A,52540,52541,52520
A,52540,52562,52541
A,52540,52561,52562
A,52561,52582,52562
A,52582,52583,52562
A,52582,52603,52583
A,52603,52604,52583
A,52603,52624,52604
A,52624,52625,52604
A,52624,52646,52625
A,52624,52645,52646
A,52645,52688,52646
A,52645,52687,52688
A,52687,52708,52688
A,52708,52709,52688
A,52708,52729,52709
A,52729,52730,52709
A,52729,52750,52730
A,52750,52751,52730
A,52750,52772,52751
A,52750,52771,52772
A,52771,52793,52772
A,52771,52792,52793
A,52792,52813,52793
A,52813,52814,52793
A,52813,52834,52814
A,52834,52835,52814
A,52834,52855,52835
A,52855,52856,52835
A,52855,52876,52856
A,52876,52877,52856
A,52876,52918,52877
A,52918,52919,52877
A,52918,52940,52919
A,52918,52939,52940
A,52939,52961,52940
A,52939,52960,52961
A,52960,52982,52961
A,52960,52981,52982
A,52981,521003,52982
A,52981,521002,521003
A,521002,521024,521003
A,521002,521023,521024
A,521023,521045,521024
A,521023,521044,521045
A,521044,521065,521045
A,521065,521066,521045
A,521065,521086,521066
A,521086,521087,521066
A,521086,521107,521087
A,521107,521108,521087
A,521086,521085,521107
A,521085,521106,521107
A,521085,521105,521106
A,521085,521084,521105
A,521084,521083,521105
A,521083,521104,521105
A,521083,521082,521104
A,521082,521103,521104
A,521082,521081,521103
A,521081,521102,521103
A,521082,521061,521081
A,521061,521060,521081
A,521060,521059,521081
A,521060,521038,521059
A,521060,521039,521038
A,521039,521018,521038
A,521018,521017,521038
A,521018,52997,521017
A,52997,52996,521017
A,52996,521016,521017
A,52996,52995,521016
A,52996,52974,52995
A,52996,52975,52974
A,52975,52954,52974
A,52954,52953,52974
A,52954,52933,52953
A,52954,52955,52933
A,52955,52934,52933
A,52934,52912,52933
A,52934,52913,52912
A,52913,52871,52912
A,52871,52870,52912
A,52871,52849,52870
A,52871,52850,52849
A,52850,52828,52849
A,52850,52829,52828
A,52829,52808,52828
A,52808,52807,52828
A,52808,52787,52807
A,52787,52786,52807
A,52787,52765,52786
A,52787,52766,52765
A,52766,52745,52765
A,52745,52744,52765
A,52745,52724,52744
A,52724,52723,52744
A,52724,52703,52723
A,52703,52702,52723
A,52703,52681,52702
A,52703,52682,52681
A,52682,52639,52681
A,52639,52638,52681
A,52639,52618,52638
A,52618,52617,52638
A,52618,52597,52617
A,52597,52596,52617
A,52597,52575,52596
A,52597,52576,52575
A,52576,52555,52575
A,52555,52554,52575
A,52555,52533,52554
A,52555,52534,52533
A,52534,52513,52533
A,52513,52512,52533
A,52513,52492,52512
A,52492,52491,52512
A,52492,52471,52491
A,52471,52470,52491
A,52471,52449,52470
A,52471,52450,52449
A,52450,52407,52449
A,52450,52408,52407
A,52408,52386,52407
A,52408,52387,52386
A,52387,52365,52386
A,52387,52366,52365
A,52366,52345,52365
A,52345,52344,52365
A,52345,52323,52344
A,52345,52324,52323
A,52324,52303,52323
A,52303,52302,52323
A,52303,52281,52302
A,52303,52282,52281
A,52282,52260,52281
A,52282,52261,52260
A,52261,52240,52260
A,52240,52239,52260
A,52240,52218,52239
A,52240,52219,52218
A,52219,52196,52218
A,52219,52197,52196
A,52197,52175,52196
A,52197,52176,52175
A,52176,52154,52175
A,52176,52155,52154
A,52155,52134,52154
A,52134,52133,52154
A,52134,52113,52133
A,52134,52114,52113
A,52114,5292,52113
A,52114,5293,5292
A,5293,5272,5292
A,5272,5271,5292
A,5272,5250,5271
A,5272,5251,5250
A,5251,5230,5250
A,5251,5231,5230
A,5231,5210,5230
A,5231,5211,5210
A,5231,5232,5211
A,5232,5212,5211
A,5232,5233,5212
A,5233,5213,5212
A,5233,5234,5213
A,5234,5214,5213
A,5234,5235,5214
A,5234,5255,5235
A,5255,5256,5235
A,5255,5277,5256
A,5255,5276,5277
A,5276,5297,5277
A,5297,5298,5277
A,5297,52119,5298
A,5297,52118,52119
A,52118,52139,52119
A,52139,52140,52119
A,52139,52161,52140
A,52139,52160,52161
A,52160,52181,52161
A,52181,52182,52161
A,52181,52203,52182
A,52181,52202,52203
A,52202,52224,52203
A,52224,52225,52203
A,52224,52246,52225
A,52224,52245,52246
A,52245,52266,52246
A,52266,52267,52246
A,52266,52288,52267
A,52266,52287,52288
A,52287,52308,52288
A,52308,52309,52288
A,52308,52329,52309
A,52329,52330,52309
A,52329,52351,52330
A,52329,52350,52351
A,52350,52371,52351
A,52371,52372,52351
A,52371,52392,52372
A,52392,52393,52372
A,52392,52414,52393
A,52392,52413,52414
A,52413,52455,52414
A,52455,52456,52414
A,52455,52477,52456
A,52455,52476,52477
A,52476,52497,52477
A,52497,52498,52477
A,52497,52519,52498
A,52497,52518,52519
A,52518,52539,52519
A,52539,52540,52519
A,52539,52561,52540
A,52539,52560,52561
A,52560,52581,52561
A,52581,52582,52561
A,52581,52603,52582
A,52581,52602,52603
A,52602,52623,52603
A,52623,52624,52603
A,52623,52644,52624
A,52644,52645,52624
A,52644,52687,52645
A,52644,52686,52687
A,52686,52707,52687
A,52707,52708,52687
A,52707,52729,52708
A,52707,52728,52729
A,52707,52727,52728
A,52727,52749,52728
A,52727,52748,52749
A,52748,52770,52749
A,52770,52750,52749
A,52770,52771,52750
A,52770,52792,52771
A,52770,52791,52792
A,52791,52812,52792
A,52812,52813,52792
A,52812,52833,52813
A,52833,52834,52813
A,52833,52855,52834
A,52833,52854,52855
A,52854,52876,52855
A,52854,52875,52876
A,52875,52917,52876
A,52917,52918,52876
A,52917,52939,52918
A,52917,52938,52939
A,52938,52959,52939
A,52959,52960,52939
A,52959,52981,52960
A,52959,52980,52981
A,52980,521002,52981
A,52980,521001,521002
A,521001,521022,521002
A,521022,521023,521002
A,521022,521043,521023
A,521043,521044,521023
A,521043,521064,521044
A,521064,521065,521044
A,521064,521086,521065
A,521064,521085,521086
A,521064,521084,521085
A,521064,521063,521084
A,521063,521062,521084
A,521062,521083,521084
A,521062,521061,521083
A,521061,521082,521083
A,521062,521041,521061
A,521041,521040,521061
A,521040,521060,521061
A,521040,521039,521060
A,521040,521018,521039
A,521040,521019,521018
A,521019,52997,521018
A,521019,52998,52997
A,52998,52976,52997
A,52976,52996,52997
A,52976,52975,52996
A,52976,52955,52975
A,52955,52954,52975
A,52976,52977,52955
A,52977,52956,52955
A,52956,52934,52955
A,52956,52935,52934
A,52935,52914,52934
A,52914,52913,52934
A,52914,52872,52913
A,52872,52871,52913
A,52872,52850,52871
A,52872,52851,52850
A,52851,52829,52850
A,52851,52830,52829
A,52830,52809,52829
A,52809,52808,52829
A,52809,52787,52808
A,52809,52788,52787
A,52788,52766,52787
A,52788,52767,52766
A,52767,52746,52766
A,52746,52745,52766
A,52746,52724,52745
A,52746,52725,52724
A,52725,52703,52724
A,52725,52704,52703
A,52704,52683,52703
A,52683,52682,52703
A,52683,52640,52682
A,52640,52639,52682
A,52640,52618,52639
A,52640,52619,52618
A,52619,52598,52618
A,52598,52597,52618
A,52598,52576,52597
A,52598,52577,52576
A,52577,52556,52576
A,52556,52555,52576
A,52556,52534,52555
A,52556,52535,52534
A,52535,52513,52534
A,52535,52514,52513
A,52514,52492,52513
A,52514,52493,52492
A,52493,52472,52492
A,52472,52471,52492
A,52472,52450,52471
A,52472,52451,52450
A,52451,52408,52450
A,52451,52409,52408
A,52409,52388,52408
A,52388,52387,52408
A,52388,52367,52387
A,52367,52366,52387
A,52367,52346,52366
A,52346,52345,52366
A,52346,52324,52345
A,52346,52325,52324
A,52325,52304,52324
A,52304,52303,52324
A,52304,52283,52303
A,52283,52282,52303
A,52283,52261,52282
A,52283,52262,52261
A,52262,52241,52261
A,52241,52240,52261
A,52241,52219,52240
A,52241,52220,52219
A,52220,52198,52219
A,52198,52197,52219
A,52198,52176,52197
A,52198,52177,52176
A,52177,52155,52176
A,52177,52156,52155
A,52156,52135,52155
A,52135,52134,52155
A,52135,52114,52134
A,52135,52115,52114
A,52115,5293,52114
A,52115,5294,5293
A,5294,5273,5293
A,5273,5272,5293
A,5273,5251,5272
A,5273,5252,5251
A,5252,5231,5251
A,5252,5232,5231
A,5252,5253,5232
A,5253,5233,5232
A,5253,5254,5233
A,5254,5234,5233
A,5254,5255,5234
A,5254,5276,5255
A,5254,5275,5276
A,5275,5296,5276
A,5296,5297,5276
A,5296,52118,5297
A,5296,52117,52118
A,52117,52138,52118
A,52138,52139,52118
A,52138,52160,52139
A,52138,52159,52160
A,52159,52180,52160
A,52180,52181,52160
A,52180,52201,52181
A,52201,52202,52181
A,52201,52224,52202
A,52201,52223,52224
A,52223,52245,52224
A,52223,52244,52245
A,52244,52265,52245
A,52265,52266,52245
A,52265,52287,52266
A,52265,52286,52287
A,52286,52307,52287
A,52307,52308,52287
A,52307,52328,52308
A,52328,52329,52308
A,52328,52350,52329
A,52328,52349,52350
A,52349,52370,52350
A,52370,52371,52350
A,52370,52392,52371
A,52370,52391,52392
A,52391,52413,52392
A,52391,52412,52413
A,52412,52454,52413
A,52454,52455,52413
A,52454,52476,52455
A,52454,52475,52476
A,52475,52496,52476
A,52496,52497,52476
A,52496,52518,52497
A,52496,52517,52518
A,52517,52539,52518
A,52517,52538,52539
A,52538,52560,52539
A,52538,52559,52560
A,52559,52580,52560
A,52580,52581,52560
A,52580,52602,52581
A,52580,52601,52602
A,52601,52622,52602
A,52622,52623,52602
A,52622,52644,52623
A,52622,52643,52644
A,52643,52686,52644
A,52643,52685,52686
A,52685,52706,52686
A,52706,52707,52686
A,52706,52727,52707
A,52706,52726,52727
A,52726,52748,52727
A,52726,52747,52748
A,52747,52768,52748
A,52768,52769,52748
A,52769,52770,52748
A,52769,52791,52770
A,52769,52790,52791
A,52790,52811,52791
A,52811,52812,52791
A,52811,52833,52812
A,52811,52832,52833
A,52832,52853,52833
A,52853,52854,52833
A,52853,52875,52854
A,52853,52874,52875
A,52874,52916,52875
A,52916,52917,52875
A,52916,52937,52917
A,52937,52938,52917
A,52937,52958,52938
A,52958,52959,52938
A,52958,52979,52959
A,52979,52980,52959
A,52979,521000,52980
A,521000,521001,52980
A,521000,521022,521001
A,521000,521021,521022
A,521021,521043,521022
A,521021,521042,521043
A,521042,521064,521043
A,521042,521063,521064
A,521042,521041,521063
A,521041,521062,521063
A,521042,521021,521041
A,521021,521020,521041
A,521020,521040,521041
A,521020,521019,521040
A,521020,52998,521019
A,521020,52999,52998
A,52999,52977,52998
A,52977,52976,52998
A,52999,52978,52977
A,52978,52957,52977
A,52957,52956,52977
A,52957,52936,52956
A,52936,52935,52956
A,52936,52914,52935
A,52936,52915,52914
A,52915,52873,52914
A,52873,52872,52914
A,52873,52852,52872
A,52852,52851,52872
A,52852,52830,52851
A,52852,52831,52830
A,52831,52809,52830
A,52831,52810,52809
A,52810,52789,52809
A,52789,52788,52809
A,52789,52768,52788
A,52768,52767,52788
A,52768,52747,52767
A,52747,52746,52767
A,52747,52725,52746
A,52747,52726,52725
A,52726,52704,52725
A,52726,52705,52704
A,52705,52684,52704
A,52684,52683,52704
A,52684,52641,52683
A,52641,52640,52683
A,52641,52619,52640
A,52641,52620,52619
A,52620,52599,52619
A,52599,52598,52619
A,52599,52577,52598
A,52599,52578,52577
A,52578,52557,52577
A,52557,52556,52577
A,52557,52535,52556
A,52557,52536,52535
A,52536,52515,52535
A,52515,52514,52535
A,52515,52493,52514
A,52515,52494,52493
A,52494,52473,52493
A,52473,52472,52493
A,52473,52451,52472
A,52473,52452,52451
A,52452,52409,52451
A,52452,52410,52409
A,52410,52389,52409
A,52389,52388,52409
A,52389,52367,52388
A,52389,52368,52367
A,52368,52347,52367
A,52347,52346,52367
A,52347,52325,52346
A,52347,52326,52325
A,52326,52305,52325
A,52305,52304,52325
A,52305,52284,52304
A,52284,52283,52304
A,52284,52262,52283
A,52284,52263,52262
A,52263,52242,52262
A,52242,52241,52262
A,52242,52220,52241
A,52242,52221,52220
A,52221,52199,52220
A,52199,52198,52220
A,52199,52178,52198
A,52178,52177,52198
A,52178,52157,52177
A,52157,52156,52177
A,52157,52136,52156
A,52136,52135,52156
A,52136,52115,52135
A,52136,52116,52115
A,52116,5294,52115
A,52116,5295,5294
A,5295,5274,5294
A,5274,5273,5294
A,5274,5252,5273
A,5274,5253,5252
A,5274,5275,5253
A,5275,5254,5253
A,5274,5295,5275
A,5295,5296,5275
A,5295,52117,5296
A,5295,52116,52117
A,52116,52137,52117
A,52137,52138,52117
A,52137,52159,52138
A,52137,52158,52159
A,52158,52179,52159
A,52179,52180,52159
A,52179,52200,52180
A,52200,52201,52180
A,52200,52222,52201
A,52222,52223,52201
A,52222,52244,52223
A,52222,52243,52244
A,52243,52264,52244
A,52264,52265,52244
A,52264,52286,52265
A,52264,52285,52286
A,52285,52307,52286
A,52285,52306,52307
A,52306,52327,52307
A,52327,52328,52307
A,52327,52349,52328
A,52327,52348,52349
A,52348,52369,52349
A,52369,52370,52349
A,52369,52390,52370
A,52390,52391,52370
A,52390,52412,52391
A,52390,52411,52412
A,52411,52454,52412
A,52411,52453,52454
A,52453,52475,52454
A,52453,52474,52475
A,52474,52495,52475
A,52495,52496,52475
A,52495,52517,52496
A,52495,52516,52517
A,52516,52537,52517
A,52537,52538,52517
A,52537,52559,52538
A,52537,52558,52559
A,52558,52579,52559
A,52579,52580,52559
A,52579,52601,52580
A,52579,52600,52601
A,52600,52621,52601
A,52621,52622,52601
A,52621,52643,52622
A,52621,52642,52643
A,52642,52685,52643
A,52642,52684,52685
A,52684,52705,52685
A,52705,52706,52685
A,52705,52726,52706
A,52642,52641,52684
A,52642,52620,52641
A,52642,52621,52620
A,52621,52600,52620
A,52600,52599,52620
A,52600,52578,52599
A,52600,52579,52578
A,52579,52558,52578
A,52558,52557,52578
A,52558,52536,52557
A,52558,52537,52536
A,52537,52516,52536
A,52516,52515,52536
A,52516,52494,52515
A,52516,52495,52494
A,52495,52474,52494
A,52474,52473,52494
A,52474,52452,52473
A,52474,52453,52452
A,52453,52410,52452
A,52453,52411,52410
A,52411,52390,52410
A,52390,52389,52410
A,52390,52369,52389
A,52369,52368,52389
A,52369,52348,52368
A,52348,52347,52368
A,52348,52326,52347
A,52348,52327,52326
A,52327,52306,52326
A,52306,52305,52326
A,52306,52285,52305
A,52285,52284,52305
A,52285,52263,52284
A,52285,52264,52263
A,52264,52243,52263
A,52243,52242,52263
A,52243,52221,52242
A,52243,52222,52221
A,52222,52199,52221
A,52222,52200,52199
A,52200,52178,52199
A,52200,52179,52178
A,52179,52158,52178
A,52158,52157,52178
A,52158,52137,52157
A,52137,52136,52157
A,52137,52116,52136
A,52789,52790,52768
A,52790,52769,52768
A,52789,52810,52790
A,52810,52811,52790
A,52810,52831,52811
A,52831,52832,52811
A,52831,52853,52832
A,52831,52852,52853
A,52852,52873,52853
A,52873,52874,52853
A,52873,52916,52874
A,52873,52915,52916
A,52915,52937,52916
A,52915,52936,52937
A,52936,52958,52937
A,52936,52957,52958
A,52957,52979,52958
A,52957,52978,52979
A,52978,52999,52979
A,52999,521000,52979
A,52999,521020,521000
A,521020,521021,521000
A,521407,521408,521178
A,52779,521389,521390
A,52665,52435,52434
A,52728,52749,52729
