k,531.0,-63.05988312,-3.6054878230000003,0.4346288443
k,532.0,-63.06110382,-3.6730942730000002,0.6354141235
k,533.0,-63.05589676,-3.7438218589999996,0.8390319347
k,534.0,-63.04641342,-3.810368299,1.032476902
k,535.0,-63.03855133,-3.88150382,1.241611958
k,536.0,-63.04015732,-3.9511382580000003,1.4432315830000002
k,537.0,-63.05350876,-4.020732403,1.6437158580000002
k,538.0,-63.05693054,-4.086435318,1.8399963380000002
k,539.0,-63.05268097,-4.153139114,2.042665482
k,5310.0,-63.05787659,-4.2218446730000005,2.247406006
k,5311.0,-63.06040955,-4.2874827380000005,2.441009521
k,5312.0,-63.06468964,-4.354816914,2.633797646
k,5313.0,-63.02960587,-4.395518303,2.7498817439999996
k,5314.0,-63.05317307,-4.494889736,3.047784805
k,5315.0,-63.05902481,-4.559310913,3.238607407
k,5316.0,-63.05176544,-4.628311157,3.439369202
k,5317.0,-63.05343628,-4.697810173,3.641588211
k,5318.0,-63.05827332,-4.767579556,3.840866089
k,5319.0,-63.05395508,-4.833851337,4.032365799
k,5320.0,-63.06095886,-4.906194687,4.239196777
k,5321.0,-63.05744171,-4.967985153,4.410636902
k,5322.0,-62.86769867,-3.5826535219999998,0.3663566113
k,5323.0,-62.86169434,-3.647582293,0.5619089603
k,5324.0,-62.86071396,-3.721995115,0.7794857025
k,5325.0,-62.85781097,-3.7929043769999997,0.9833374023
k,5326.0,-62.85001755,-3.8580353260000004,1.1740407940000002
k,5327.0,-62.85350418,-3.9276530739999997,1.37543726
k,5328.0,-62.85814667,-3.9966888430000003,1.575200081
k,5329.0,-62.85703278,-4.06592083,1.77869606
k,5330.0,-62.85393143,-4.12906456,1.969820023
k,5331.0,-62.85445786,-4.193483353,2.1641359330000003
k,5332.0,-62.85676956,-4.264413357,2.374871254
k,5333.0,-62.85181046,-4.333580017,2.576703072
k,5334.0,-62.85842514,-4.3807649610000015,2.714270592
k,5335.0,-62.86035538,-4.479773045,3.006845474
k,5336.0,-62.85364151,-4.534174442,3.169322968
k,5337.0,-62.85216141,-4.605005741,3.374673843
k,5338.0,-62.85732651,-4.674381733,3.575534821
k,5339.0,-62.85509872,-4.744612217,3.776882172
k,5340.0,-62.84744644,-4.813795567,3.974802017
k,5341.0,-62.85730362,-4.881630898,4.16888237
k,5342.0,-62.84662628,-4.953964233,4.376579285
k,5343.0,-62.62840652,-3.580868483,0.35715949539999997
k,5344.0,-62.64389801,-3.652981043,0.5725755692
k,5345.0,-62.66418076,-3.717667103,0.7671434879000001
k,5346.0,-62.67239761,-3.7926054,0.9830455779999999
k,5347.0,-62.67372894,-3.8560614589999997,1.168606281
k,5348.0,-62.65573883,-3.927769661,1.3763165469999998
k,5349.0,-62.65669250000001,-3.997151375,1.577031136
k,5350.0,-62.64982605,-4.060999393,1.764305115
k,5351.0,-62.6623764,-4.128321648,1.96931839
k,5352.0,-62.652019499999994,-4.196225643,2.173832893
k,5353.0,-62.65071487,-4.262955666,2.37308979
k,5354.0,-62.65583038,-4.333413601,2.578728676
k,5355.0,-62.65276337,-4.382319927,2.720020294
k,5356.0,-62.64670563,-4.4814548489999995,3.0148525239999997
k,5357.0,-62.65789413,-4.536326885,3.1783752439999997
k,5358.0,-62.65159988,-4.601941109,3.369216919
k,5359.0,-62.66617584,-4.671803951,3.569498062
k,5360.0,-62.65520096,-4.741569042,3.7682209010000003
k,5361.0,-62.65008545,-4.813366413,3.973575592
k,5362.0,-62.65164948,-4.880687237,4.165311813
k,5363.0,-62.65214539,-4.9507260319999995,4.3666172030000014
k,5364.0,-62.45995331,-3.586791039,0.375854969
k,5365.0,-62.44901657,-3.649929047,0.5672459602000001
k,5366.0,-62.43941879,-3.718384027,0.7678389549
k,5367.0,-62.43800735,-3.788131714,0.9673218726999999
k,5368.0,-62.42292404,-3.855824471,1.166885853
k,5369.0,-62.4548645,-3.9250481130000003,1.3686976430000002
k,5370.0,-62.49160004,-4.000065327,1.5864486690000001
k,5371.0,-62.47481918,-4.064433575,1.7759351730000001
k,5372.0,-62.47449875,-4.129659653,1.974155426
k,5373.0,-62.45539856,-4.19551754,2.1739254
k,5374.0,-62.46826553,-4.264208317,2.379925728
k,5375.0,-62.463584899999994,-4.332322121,2.578269958
k,5376.0,-62.47210312,-4.381665707,2.7248210910000004
k,5377.0,-62.45651627,-4.480294703999999,3.015714645
k,5378.0,-62.464077,-4.532696724,3.170310974
k,5379.0,-62.46711349,-4.603692055,3.3759956360000003
k,5380.0,-62.46816254,-4.670163155,3.5670280460000003
k,5381.0,-62.45715714,-4.743878365,3.77604866
k,5382.0,-62.45424271,-4.812422752,3.971616745
k,5383.0,-62.45071793,-4.881891251,4.168371201
k,5384.0,-62.45811462,-4.953359604,4.375091553
k,5385.0,-62.22854233,-3.585573912,0.371065855
k,5386.0,-62.22571182,-3.652009487,0.5712602139
k,5387.0,-62.23821259,-3.723963737,0.7843236923000001
k,5388.0,-62.24763489,-3.789521694,0.9737138748
k,5389.0,-62.25283813,-3.860446692,1.180419445
k,5390.0,-62.26504135,-3.9282031060000002,1.376213074
k,5391.0,-62.25637436,-3.996989012,1.575582504
k,5392.0,-62.25496292,-4.062701225,1.771430969
k,5393.0,-62.23843384,-4.133804321,1.982943535
k,5394.0,-62.23737335,-4.196627617,2.177951813
k,5395.0,-62.258304599999995,-4.266294956,2.386278152
k,5396.0,-62.26696777,-4.3376364710000015,2.589903831
k,5397.0,-62.25980377,-4.383587837,2.726641655
k,5398.0,-62.27261353,-4.484484196,3.027080536
k,5399.0,-62.25643921,-4.5359373089999995,3.181661606
k,53100.0,-62.25457001,-4.60529089,3.3815116880000002
k,53101.0,-62.25540924,-4.670259476,3.56819725
k,53102.0,-62.2522049,-4.744820118,3.779701233
k,53103.0,-62.26248169,-4.814079285,3.9760665889999998
k,53104.0,-62.25364304,-4.885156155,4.177160263
k,53105.0,-62.25853348,-4.9566578869999995,4.377983093
k,53106.0,-62.05577087,-3.587077856,0.37753784659999995
k,53107.0,-62.05812073,-3.652694941,0.5758407115999999
k,53108.0,-62.05272675,-3.722469807,0.7813150883
k,53109.0,-62.05321884,-3.7893114089999997,0.9732789993000001
k,53110.0,-62.05165863,-3.861279249,1.183333397
k,53111.0,-62.05315781,-3.9249579910000003,1.366767883
k,53112.0,-62.05018616,-3.99853301,1.57826519
k,53113.0,-62.04772186,-4.068492413,1.785737991
k,53114.0,-62.04634094,-4.12755537,1.969555855
k,53115.0,-62.05605316,-4.197356701,2.175065994
k,53116.0,-62.05234528,-4.263695717,2.3764095309999997
k,53117.0,-62.05853653,-4.331430912,2.579118729
k,53118.0,-62.05463791,-4.383812428,2.732566833
k,53119.0,-62.05838394,-4.490326405,3.0330047610000004
k,53120.0,-62.04706192,-4.53422308,3.172548294
k,53121.0,-62.05840683,-4.607411861,3.3836212160000003
k,53122.0,-62.05571365,-4.6697173119999995,3.565942764
k,53123.0,-62.05584717,-4.745145798,3.780059814
k,53124.0,-62.06099701,-4.812671661,3.9716377260000004
k,53125.0,-62.05801773,-4.882427216,4.169834137
k,53126.0,-62.06111908,-4.956440926,4.380079268999999
k,53127.0,-61.85231018,-3.5860288139999996,0.3778361082
k,53128.0,-61.85656357,-3.6505711080000003,0.5720520020000001
k,53129.0,-61.85681534,-3.721621037,0.7783579826000001
k,53130.0,-61.84677505,-3.790816307,0.9760112762
k,53131.0,-61.85559845,-3.8611533639999998,1.184498787
k,53132.0,-61.85087585,-3.9223549369999997,1.36284399
k,53133.0,-61.85805893,-3.995386124,1.573883057
k,53134.0,-61.84349442,-4.0612478260000024,1.7668991090000001
k,53135.0,-61.85183716,-4.127188683,1.9705409999999999
k,53136.0,-61.86141968,-4.191494942,2.167891502
k,53137.0,-61.84685898,-4.259345055,2.371142387
k,53138.0,-61.84934235,-4.331886292,2.5845460890000003
k,53139.0,-61.86013031,-4.37949419,2.726028442
k,53140.0,-61.86460495,-4.485708713999999,3.0350246430000003
k,53141.0,-61.85578156,-4.531867504,3.169282913
k,53142.0,-61.84886551,-4.605716705,3.3816184999999996
k,53143.0,-61.85353088,-4.671189785,3.569408417
k,53144.0,-61.85792923,-4.746612072,3.7829952239999995
k,53145.0,-61.85377502,-4.813952446,3.974897385
k,53146.0,-61.85904694,-4.884685516,4.176849365
k,53147.0,-61.85921478,-4.951128483,4.369596481
k,53148.0,-61.66049194,-3.5844545360000004,0.3758313656
k,53149.0,-61.66082382,-3.65261054,0.577583313
k,53150.0,-61.66243362,-3.719308138,0.768553257
k,53151.0,-61.65501404,-3.7895913119999998,0.9710655212
k,53152.0,-61.65804291,-3.857233047,1.173163414
k,53153.0,-61.65372086,-3.92723608,1.3800978659999998
k,53154.0,-61.65456009,-3.994424343,1.5730743409999999
k,53155.0,-61.65155029,-4.06248188,1.7726202009999998
k,53156.0,-61.65869904,-4.127782345,1.972560883
k,53157.0,-61.65078354,-4.194792271,2.176121712
k,53158.0,-61.65462875,-4.264540672,2.3839235309999998
k,53159.0,-61.65312195,-4.328595161,2.572229385
k,53160.0,-61.65004349,-4.3843894,2.7392387389999997
k,53161.0,-61.66818237,-4.487473965,3.036506653
k,53162.0,-61.65237427,-4.536130905,3.1771450039999998
k,53163.0,-61.65784836,-4.606539726,3.378854752
k,53164.0,-61.65012741,-4.676886082,3.582700729
k,53165.0,-61.65939713,-4.743202209,3.76758194
k,53166.0,-61.67276764,-4.812405109,3.970022202
k,53167.0,-61.66288757,-4.880308628,4.169347763
k,53168.0,-61.65274048,-4.952726364,4.376314163
k,53169.0,-61.45447922,-3.586310863,0.3769581318
k,53170.0,-61.45273589999999,-3.6545572280000003,0.5772197246999999
k,53171.0,-61.45270920000001,-3.723513365,0.7793521881000001
k,53172.0,-61.45344925,-3.788692713,0.9688191414
k,53173.0,-61.45917511,-3.860369682,1.1801733970000001
k,53174.0,-61.45669556,-3.92582202,1.37420702
k,53175.0,-61.45732498,-3.99674511,1.580376625
k,53176.0,-61.44645309,-4.064536572,1.776061058
k,53177.0,-61.45108032,-4.130144596,1.9759035109999998
k,53178.0,-61.45191193,-4.196688175,2.174835205
k,53179.0,-61.45567322,-4.26440239,2.37409687
k,53180.0,-61.45310593,-4.333566666,2.576752663
k,53181.0,-61.44789886,-4.390960693,2.746271133
k,53182.0,-61.45774841,-4.492815018,3.0428371430000003
k,53183.0,-61.45304871,-4.537047863,3.171245575
k,53184.0,-61.44955063,-4.606656075,3.370342255
k,53185.0,-61.45062256,-4.674148083,3.569496155
k,53186.0,-61.45867157,-4.7425608630000005,3.7594413760000003
k,53187.0,-61.46619415,-4.826712608,3.9688892360000003
k,53188.0,-61.44876479999999,-4.895888805,4.178861618
k,53189.0,-61.43470764,-4.958343506,4.373773575
k,53190.0,-61.25189972,-3.584886312,0.3772172928
k,53191.0,-61.25638962,-3.6551816460000004,0.5814812183
k,53192.0,-61.26221085,-3.725251913,0.7850801945
k,53193.0,-61.25814056,-3.79496026,0.9863858223
k,53194.0,-61.25090408,-3.858134985,1.176575184
k,53195.0,-61.26200867,-3.929512262,1.386467457
k,53196.0,-61.25667953,-3.9984679219999997,1.584216118
k,53197.0,-61.24937057,-4.06540966,1.7794713969999998
k,53198.0,-61.25694656,-4.1331009860000005,1.98605442
k,53199.0,-61.258098600000004,-4.200077057,2.186231613
k,53200.0,-61.26102829,-4.268435001,2.389108658
k,53201.0,-61.26485825,-4.335266113,2.585486412
k,53202.0,-61.2531662,-4.3906025889999984,2.753108025
k,53203.0,-61.26926422,-4.491929054,3.04268837
k,53204.0,-61.26152802,-4.540420055,3.18195343
k,53205.0,-61.25772476,-4.608422279,3.3769912719999997
k,53206.0,-61.25403595,-4.677232742,3.579341888
k,53207.0,-61.24993134,-4.746232986,3.7758255
k,53208.0,-61.24721146,-4.815536022,3.981529236
k,53209.0,-61.25335312,-4.88628006,4.1866168980000005
k,53210.0,-61.25953293,-4.962873459,4.3931350710000014
k,53211.0,-61.05590057,-3.5880002980000003,0.38449513909999994
k,53212.0,-61.05624771,-3.65397191,0.5803020000000001
k,53213.0,-61.05745316,-3.7230529789999998,0.7812561989
k,53214.0,-61.05834198,-3.7939293380000003,0.9832053184999999
k,53215.0,-61.05506897,-3.8609302039999998,1.182796001
k,53216.0,-61.05865097,-3.92884922,1.381650925
k,53217.0,-61.04850006,-3.997971535,1.5813274380000002
k,53218.0,-61.05910110000001,-4.066607952,1.7831792830000002
k,53219.0,-61.05110550000001,-4.130948544,1.979480743
k,53220.0,-61.05389023,-4.19650507,2.1795921330000003
k,53221.0,-61.06326294,-4.265767574,2.384987831
k,53222.0,-61.052326199999996,-4.331637859,2.577149391
k,53223.0,-61.05096054,-4.391196251,2.753581047
k,53224.0,-61.054039,-4.492152214,3.04665184
k,53225.0,-61.0539093,-4.538192748999999,3.1787662510000003
k,53226.0,-61.06645584,-4.609475613,3.382728577
k,53227.0,-61.04681778,-4.67791748,3.5828132630000002
k,53228.0,-61.06082916,-4.747900963,3.786815643
k,53229.0,-61.05233002,-4.8144888880000005,3.9787235260000013
k,53230.0,-61.05553055,-4.888092995,4.191389084
k,53231.0,-61.06054688,-4.961423873999999,4.393480301
k,53232.0,-60.85547256,-3.5845086569999998,0.3739807606
k,53233.0,-60.85451126,-3.651729107,0.5752346516
k,53234.0,-60.86105728,-3.719799519,0.7706785201999999
k,53235.0,-60.84708786,-3.794940233,0.9841995239
k,53236.0,-60.84794235,-3.865091801,1.190996647
k,53237.0,-60.86014557,-3.9341409210000013,1.3942065240000001
k,53238.0,-60.85043716,-3.9989626410000003,1.582196236
k,53239.0,-60.85044098,-4.064147949,1.774290085
k,53240.0,-60.85411072,-4.132172108,1.982586861
k,53241.0,-60.85256195,-4.19635725,2.177692413
k,53242.0,-60.85749817,-4.263414383,2.377604485
k,53243.0,-60.8576088,-4.336447716,2.589852333
k,53244.0,-60.85905457,-4.39343214,2.759467125
k,53245.0,-60.85061264,-4.490431309,3.043725967
k,53246.0,-60.85768509,-4.537851334,3.1782894130000003
k,53247.0,-60.85900879,-4.608773708,3.381795883
k,53248.0,-60.84395218,-4.676163197,3.5785217289999998
k,53249.0,-60.85470581,-4.747402668,3.7850074769999997
k,53250.0,-60.84902191,-4.815168858,3.9807834630000003
k,53251.0,-60.85027695,-4.88506937,4.1814079280000005
k,53252.0,-60.85405731,-4.962615967,4.394445419
k,53253.0,-60.64968491,-3.586834431,0.3793001175
k,53254.0,-60.65805817,-3.650367498,0.5673065186
k,53255.0,-60.64550018,-3.722405195,0.7828428745
k,53256.0,-60.65428162,-3.789023638,0.9695601463
k,53257.0,-60.65222931,-3.862866163,1.184267521
k,53258.0,-60.65384674,-3.930089474,1.379907131
k,53259.0,-60.65874481,-3.998528957,1.5804491040000002
k,53260.0,-60.65870285,-4.066717148,1.782494545
k,53261.0,-60.65625763,-4.131801605,1.980483055
k,53262.0,-60.652770999999994,-4.196207523,2.176366806
k,53263.0,-60.64928818,-4.261708736,2.372249603
k,53264.0,-60.65256882,-4.3332586289999995,2.579555511
k,53265.0,-60.64939499,-4.3902449610000005,2.7487897869999998
k,53266.0,-60.65833282,-4.491300583,3.046598434
k,53267.0,-60.65817261,-4.537894249,3.177846909
k,53268.0,-60.65365219,-4.605082512,3.3700790410000003
k,53269.0,-60.66211319,-4.6759653089999995,3.577049255
k,53270.0,-60.6578598,-4.747729778,3.784814835
k,53271.0,-60.65530014,-4.814451694,3.978916168
k,53272.0,-60.65105820000001,-4.88231802,4.1726017
k,53273.0,-60.65427399,-4.956682682,4.379997253
k,53274.0,-60.46297836,-3.5868015289999997,0.3775439262
k,53275.0,-60.45967484,-3.6527211669999997,0.574691534
k,53276.0,-60.43792343,-3.723941088,0.7819802761
k,53277.0,-60.44708633,-3.7931487560000003,0.9827728270999999
k,53278.0,-60.45915222,-3.865341187,1.187810898
k,53279.0,-60.454940799999996,-3.9312140939999995,1.381346226
k,53280.0,-60.45792389,-4.000192165,1.584449768
k,53281.0,-60.45790482,-4.065572738999999,1.779102325
k,53282.0,-60.45970535,-4.1298642160000005,1.9754829409999999
k,53283.0,-60.45674515,-4.194957733,2.173688889
k,53284.0,-60.4531517,-4.2658576969999995,2.384967804
k,53285.0,-60.45427704,-4.3342299460000016,2.581802368
k,53286.0,-60.45257568,-4.393318653,2.759571075
k,53287.0,-60.45840073,-4.488928795,3.038377762
k,53288.0,-60.45485306,-4.538733006,3.179000854
k,53289.0,-60.45486069,-4.609605789,3.3813743589999996
k,53290.0,-60.44961548,-4.677885056,3.580099106
k,53291.0,-60.45010757,-4.748840809,3.78562355
k,53292.0,-60.45462036,-4.81335783,3.974327087
k,53293.0,-60.4514389,-4.88313818,4.173379898
k,53294.0,-60.45830154,-4.957492828,4.380231857
k,53295.0,-60.2850647,-3.60148859,0.41928732399999996
k,53296.0,-60.274917599999995,-3.670578003,0.627676487
k,53297.0,-60.27923203,-3.74044466,0.8298904895999999
k,53298.0,-60.28210449,-3.81014514,1.027458668
k,53299.0,-60.27717972,-3.8749368189999998,1.21419096
k,53300.0,-60.26337433,-3.94472909,1.418416977
k,53301.0,-60.26485062,-4.010115147,1.619595528
k,53302.0,-60.27373505,-4.077958107,1.81699276
k,53303.0,-60.27344131,-4.143023014,2.017970085
k,53304.0,-60.26008606,-4.207315445,2.213061333
k,53305.0,-60.25822067,-4.279284477,2.425452232
k,53306.0,-60.25494766,-4.34569788,2.617440224
k,53307.0,-60.25322342,-4.399416447,2.7780408860000003
k,53308.0,-60.26383591,-4.501958847,3.074005127
k,53309.0,-60.25091934,-4.554976463,3.224149704
k,53310.0,-60.25807953,-4.624886036,3.4249134060000004
k,53311.0,-60.2549324,-4.691914082,3.619213104
k,53312.0,-60.25881577,-4.7614121439999995,3.821113586
k,53313.0,-60.25521088,-4.830828667,4.022657393999999
k,53314.0,-60.25718307,-4.901690483,4.224891663
k,53315.0,-60.24862289,-4.970077515,4.4112854000000015
k,53316.0,-60.02978897,-3.590855837,0.386113286
k,53317.0,-60.04619217,-3.654057264,0.5780045986
k,53318.0,-60.04830551,-3.7232217789999997,0.7795565128
k,53319.0,-60.03974915,-3.793482065,0.9788937569
k,53320.0,-60.03853607,-3.861529827,1.178244114
k,53321.0,-60.04384995,-3.931670427,1.382603645
k,53322.0,-60.04587936,-4.002159119,1.586627007
k,53323.0,-60.04881668,-4.063060284,1.772904396
k,53324.0,-60.04015732,-4.13087225,1.9752912519999999
k,53325.0,-60.04157257,-4.2009038930000004,2.185108185
k,53326.0,-60.04049683,-4.26372242,2.3720817569999997
k,53327.0,-60.04738998,-4.332790375,2.5754137040000002
k,53328.0,-60.05175781,-4.3947548869999995,2.754359245
k,53329.0,-60.07014084,-4.491577148,3.038265228
k,53330.0,-60.04538727,-4.53945303,3.1775951389999997
k,53331.0,-60.04956055,-4.610708237,3.3818607330000003
k,53332.0,-60.04988861,-4.677591801,3.5797138210000004
k,53333.0,-60.05942535,-4.751641273,3.793258667
k,53334.0,-60.05215454,-4.817884922,3.986608505
k,53335.0,-60.04711151,-4.884688377,4.176071167
k,53336.0,-60.05045319,-4.9551706310000005,4.378580093
k,53337.0,-59.85401154,-3.58993125,0.3817929029
k,53338.0,-59.85276031,-3.6544229980000003,0.5756881237
k,53339.0,-59.86345673,-3.723539829,0.7785737514
k,53340.0,-59.85691071,-3.7925720210000002,0.9760680198999999
k,53341.0,-59.8531189,-3.8601889610000004,1.176129341
k,53342.0,-59.85509872,-3.9298903939999996,1.3802738190000001
k,53343.0,-59.85575867,-3.999851942,1.584657669
k,53344.0,-59.85457993,-4.064217567,1.77696228
k,53345.0,-59.84695053,-4.129278183,1.975419998
k,53346.0,-59.85549164,-4.198373318,2.184500694
k,53347.0,-59.85521698,-4.26760006,2.390570641
k,53348.0,-59.85631561,-4.333024025,2.580292702
k,53349.0,-59.84878159,-4.38705349,2.742165565
k,53350.0,-59.82757568,-4.488768101000001,3.0357418060000003
k,53351.0,-59.85407639,-4.539940833999999,3.18170166
k,53352.0,-59.85083771,-4.609183788,3.380052567
k,53353.0,-59.84752655,-4.677385807,3.5784893039999996
k,53354.0,-59.86045837,-4.747161865,3.780387878
k,53355.0,-59.86640549,-4.816833019,3.981975555
k,53356.0,-59.85057068,-4.88720274,4.183425903
k,53357.0,-59.85357285,-4.957766533,4.384397507
k,53358.0,-59.64636612,-3.5871517660000003,0.3727812767
k,53359.0,-59.65585327,-3.656737328,0.5832533836
k,53360.0,-59.65963745,-3.725641012,0.7834091187000001
k,53361.0,-59.66070175,-3.7940418719999998,0.9788856506
k,53362.0,-59.65548325,-3.863892317,1.186552525
k,53363.0,-59.65321732,-3.930672407,1.382758617
k,53364.0,-59.64552689,-3.999423981,1.583852768
k,53365.0,-59.65501404,-4.06635952,1.783145905
k,53366.0,-59.65351486,-4.131803036,1.983217239
k,53367.0,-59.66195679,-4.195226669,2.175133705
k,53368.0,-59.65081406,-4.264802456,2.381163597
k,53369.0,-59.65023804,-4.334224224,2.584791183
k,53370.0,-59.65007401,-4.389750004,2.751794815
k,53371.0,-59.64291763,-4.489472866,3.0375633239999997
k,53372.0,-59.65216064,-4.539324284,3.1799888610000004
k,53373.0,-59.64956665,-4.608299255,3.3767738339999998
k,53374.0,-59.654823300000004,-4.677287102,3.578454971
k,53375.0,-59.64932251,-4.749118805,3.784870148
k,53376.0,-59.65865707,-4.814483643,3.973825455
k,53377.0,-59.64954376,-4.883111,4.173177719
k,53378.0,-59.66091156,-4.957575321,4.385116577
k,53379.0,-59.45092773,-3.611217737,0.443310976
k,53380.0,-59.454216,-3.679521561,0.6451396942000001
k,53381.0,-59.44757843,-3.748996973,0.8466486931
k,53382.0,-59.44815826,-3.81678915,1.044681072
k,53383.0,-59.45155334,-3.88588953,1.249883652
k,53384.0,-59.45384979,-3.9538412089999997,1.4508275990000001
k,53385.0,-59.45609665,-4.020003796,1.64424324
k,53386.0,-59.46790314,-4.087939738999999,1.847841263
k,53387.0,-59.45098495,-4.154170036,2.047696114
k,53388.0,-59.45437622,-4.222062588,2.249400139
k,53389.0,-59.4552002,-4.2876944539999995,2.444168091
k,53390.0,-59.45489502,-4.3539843560000016,2.641410828
k,53391.0,-59.44799042,-4.397369862,2.7856855389999997
k,53392.0,-59.44833755,-4.49930048,3.064821243
k,53393.0,-59.45232773,-4.564988613,3.2529144289999996
k,53394.0,-59.45896149,-4.631927967,3.443698883
k,53395.0,-59.45779037,-4.697868347,3.643270493
k,53396.0,-59.45766449,-4.771731853,3.849088669
k,53397.0,-59.45186234,-4.841769695,4.053771973
k,53398.0,-59.45298004,-4.907574653999999,4.242807388
k,53399.0,-59.45362473,-4.97478056,4.4255790710000005
k,53400.0,-59.25499725,-3.613832712,0.450564146
k,53401.0,-59.26071167,-3.680307627,0.6476387978
k,53402.0,-59.25393677,-3.752113581,0.8555152415999999
k,53403.0,-59.25773621,-3.818748713,1.050068855
k,53404.0,-59.25569153,-3.889099121,1.260735989
k,53405.0,-59.25226593,-3.953750372,1.4526090619999998
k,53406.0,-59.26112747,-4.020047665,1.645715714
k,53407.0,-59.26098251,-4.088608265,1.851845741
k,53408.0,-59.25258636,-4.155593395,2.054608345
k,53409.0,-59.255165100000006,-4.220903873,2.249970436
k,53410.0,-59.2549057,-4.290576458,2.455644608
k,53411.0,-59.25203705,-4.357791424,2.6534366609999998
k,53412.0,-59.26450729,-4.399662971000001,2.779260635
k,53413.0,-59.25112915,-4.500246048,3.0666980739999996
k,53414.0,-59.26005173,-4.562574387,3.2470951080000003
k,53415.0,-59.25154114,-4.6316185,3.44603157
k,53416.0,-59.25389099,-4.7017874719999995,3.6488666530000002
k,53417.0,-59.25570679,-4.772712231,3.852958679
k,53418.0,-59.25802612,-4.840213776000001,4.050142288
k,53419.0,-59.25127411,-4.909341335,4.249900818
k,53420.0,-59.25259399,-4.977577209,4.428133011
k,53421.0,-64.66171265,-3.587754965,0.3683724403
k,53422.0,-64.66040039,-3.6571753030000003,0.5754897594
k,53423.0,-64.64945984,-3.723227024,0.7695198059
k,53424.0,-64.64051819,-3.7896983619999998,0.9593687056999999
k,53425.0,-64.65505981,-3.86065793,1.165743351
k,53426.0,-64.64432526,-3.932528257,1.3768873209999999
k,53427.0,-64.66656494,-3.9995970730000003,1.571805954
k,53428.0,-64.66020203,-4.066637516,1.76852417
k,53429.0,-64.65342712,-4.135180473,1.96984005
k,53430.0,-64.65531921,-4.198182106,2.1550788880000002
k,53431.0,-64.64675903,-4.268399715,2.360873222
k,53432.0,-64.65565491,-4.339311123,2.564573288
k,53433.0,-64.65887451,-4.390612602,2.713189125
k,53434.0,-64.66231537,-4.498886108,3.036035538
k,53435.0,-64.66200256,-4.5396747589999995,3.159353256
k,53436.0,-64.66069031,-4.609056473,3.366243362
k,53437.0,-64.64945984,-4.6720952989999995,3.552797318
k,53438.0,-64.64883423,-4.7424316410000005,3.759952545
k,53439.0,-64.64909363,-4.808758259,3.956640244
k,53440.0,-64.65460205,-4.877256393,4.152200699
k,53441.0,-64.6529541,-4.949649334,4.360076904
k,53442.0,-59.04481888,-3.613837481,0.4500910044
k,53443.0,-59.05451965,-3.684137344,0.6580986977000001
k,53444.0,-59.05438232,-3.749134541,0.8473143578
k,53445.0,-59.05767441,-3.818754673,1.051493168
k,53446.0,-59.05917358,-3.885550737,1.2507152559999999
k,53447.0,-59.05596924,-3.9526140689999996,1.4487094880000002
k,53448.0,-59.05239105,-4.019801617,1.6444301609999998
k,53449.0,-59.04771042,-4.088823318,1.8529300690000001
k,53450.0,-59.06008148,-4.153827667,2.0511360169999997
k,53451.0,-59.05804443,-4.222139835,2.255904198
k,53452.0,-59.05456924,-4.288388728999999,2.45111084
k,53453.0,-59.05393982,-4.357958794,2.653922081
k,53454.0,-59.05660629,-4.402226448,2.781963348
k,53455.0,-59.05390167,-4.502198218999999,3.072422028
k,53456.0,-59.05592728,-4.56079483,3.2424182889999997
k,53457.0,-59.05017853,-4.631678581,3.446338654
k,53458.0,-59.05056763,-4.699338436000001,3.6436996460000004
k,53459.0,-59.059852600000006,-4.77177906,3.849393845
k,53460.0,-59.06009293,-4.840759754,4.051631927
k,53461.0,-59.05947876,-4.907329559,4.245042801
k,53462.0,-59.06095123,-4.9744730000000015,4.427453995
k,53463.0,-58.86101913,-3.614039898,0.4513530731
k,53464.0,-58.85565186,-3.6802458760000003,0.6474373340999999
k,53465.0,-58.843074800000004,-3.7480454439999997,0.8435196877
k,53466.0,-58.86320877,-3.816866159,1.0458164220000001
k,53467.0,-58.86055756,-3.883534193,1.2447381020000001
k,53468.0,-58.85594939999999,-3.954476357,1.453667641
k,53469.0,-58.85773468,-4.021132946,1.649402618
k,53470.0,-58.85372162,-4.08727169,1.8486366269999999
k,53471.0,-58.85290527,-4.151341438,2.04278183
k,53472.0,-58.86147308,-4.2227010730000005,2.257698059
k,53473.0,-58.85757065,-4.2894845010000004,2.454282761
k,53474.0,-58.84836578,-4.3561024669999995,2.64599514
k,53475.0,-58.86082458,-4.401833534,2.77794075
k,53476.0,-58.85663605,-4.499325275,3.064338684
k,53477.0,-58.8515358,-4.563626289,3.2494888310000003
k,53478.0,-58.85416794,-4.631412983,3.44508934
k,53479.0,-58.85320282,-4.701496124,3.64781189
k,53480.0,-58.85102844,-4.77241087,3.8530139919999997
k,53481.0,-58.85300446,-4.836723804,4.041213989
k,53482.0,-58.86059952,-4.9068746569999995,4.244606018
k,53483.0,-58.85731125,-4.9740209580000005,4.423196793
k,53484.0,-58.66155243,-3.6136088369999997,0.44518673420000004
k,53485.0,-58.65823364,-3.679205418,0.6406369209
k,53486.0,-58.65145493,-3.7501146789999997,0.8475403786
k,53487.0,-58.65595245,-3.819384575,1.051884174
k,53488.0,-58.65209198,-3.888260841,1.258425236
k,53489.0,-58.65085602,-3.95563221,1.4573550219999998
k,53490.0,-58.65805054,-4.019020081,1.644674301
k,53491.0,-58.65295029,-4.089396,1.854621887
k,53492.0,-58.649864199999996,-4.152458668,2.046588898
k,53493.0,-58.65581512,-4.223414421,2.259440422
k,53494.0,-58.65749741,-4.289964199,2.454626083
k,53495.0,-58.65763855,-4.360101223,2.657749176
k,53496.0,-58.65753555,-4.398038864,2.7701005939999996
k,53497.0,-58.64460754,-4.498488903,3.0638179780000003
k,53498.0,-58.65470886,-4.564362526,3.2506217960000003
k,53499.0,-58.65708923,-4.632772446000001,3.4478034969999998
k,53500.0,-58.66042328,-4.698524475,3.6400737760000004
k,53501.0,-58.65501404,-4.771606922,3.8514194489999998
k,53502.0,-58.65452576,-4.838427544,4.047624588
k,53503.0,-58.65822601,-4.9066572189999995,4.2458438869999995
k,53504.0,-58.65505981,-4.977962971,4.432382584
k,53505.0,-58.44921112,-3.6033029560000003,0.4137347937
k,53506.0,-58.45845413,-3.671795845,0.6202456950999999
k,53507.0,-58.46185303,-3.742509604,0.8259751797
k,53508.0,-58.4547348,-3.8109636310000004,1.027480125
k,53509.0,-58.45050812,-3.8754875660000003,1.22110796
k,53510.0,-58.45200729,-3.939581633,1.411511421
k,53511.0,-58.45167160000001,-4.011102676,1.621658325
k,53512.0,-58.45569611,-4.077446461,1.818704605
k,53513.0,-58.46003723,-4.1440911289999995,2.0213594440000002
k,53514.0,-58.45518494,-4.210522175,2.219656944
k,53515.0,-58.45982742,-4.277895451,2.418014526
k,53516.0,-58.45346832,-4.34940958,2.625015259
k,53517.0,-58.45482635,-4.396962643,2.769086838
k,53518.0,-58.44348907,-4.490990162,3.040260315
k,53519.0,-58.45443726,-4.557154655,3.2306003569999997
k,53520.0,-58.44920349,-4.627254963,3.431282043
k,53521.0,-58.44773865,-4.6922144889999995,3.6208019260000004
k,53522.0,-58.44726563,-4.764255524,3.830259323
k,53523.0,-58.45605087,-4.829181671000001,4.020647049
k,53524.0,-58.45940781,-4.897392273,4.2176074980000005
k,53525.0,-58.45793152,-4.9732890130000005,4.424608231000001
k,53526.0,-58.2490654,-3.595677853,0.3886109591
k,53527.0,-58.25162506,-3.6592617030000003,0.5807809829999999
k,53528.0,-58.24974823,-3.725511074,0.776268959
k,53529.0,-58.25202179,-3.8028705119999997,1.004689693
k,53530.0,-58.25321198,-3.8653604980000003,1.1935725209999999
k,53531.0,-58.24823761,-3.9291994569999997,1.382683754
k,53532.0,-58.25658417,-4.000257492,1.591478348
k,53533.0,-58.25946045,-4.067186832,1.789493561
k,53534.0,-58.25318527,-4.134447098,1.992267609
k,53535.0,-58.25661469,-4.202617168,2.196193695
k,53536.0,-58.25511932,-4.268362999,2.391212463
k,53537.0,-58.25503539999999,-4.336671352,2.5886726380000002
k,53538.0,-58.25238419,-4.39185524,2.7523660660000004
k,53539.0,-58.26085663,-4.490847111,3.038885117
k,53540.0,-58.25750732,-4.541993618,3.186151505
k,53541.0,-58.25675964,-4.613882542,3.392778397
k,53542.0,-58.25486755,-4.679161072,3.5841827389999996
k,53543.0,-58.2579422,-4.753314972,3.8005466460000004
k,53544.0,-58.25753021,-4.817200184,3.985578537
k,53545.0,-58.26438904,-4.888362885,4.1920681
k,53546.0,-58.25332642,-4.955965042,4.3866424560000015
k,53547.0,-58.07423019,-3.59609437,0.3912283182
k,53548.0,-58.07509613,-3.6613395210000004,0.5873839854999999
k,53549.0,-58.07107162,-3.72671771,0.7802050114
k,53550.0,-58.067379,-3.796282053,0.9859452248
k,53551.0,-58.07509613,-3.866991758,1.198859692
k,53552.0,-58.06620407,-3.932750702,1.3884034159999998
k,53553.0,-58.0761261,-4.002780914,1.594179153
k,53554.0,-58.07884216,-4.069876671,1.790823936
k,53555.0,-58.06889343,-4.134382725,1.987416267
k,53556.0,-58.08415222,-4.20131731,2.1876134869999997
k,53557.0,-58.08100128,-4.27140379,2.392157555
k,53558.0,-58.07555771,-4.342154026,2.595093727
k,53559.0,-58.05775452,-4.3932247160000015,2.7525348660000004
k,53560.0,-58.07131195,-4.497344494,3.0475540160000003
k,53561.0,-58.06363297,-4.5481238369999994,3.1968345639999995
k,53562.0,-58.05773926,-4.615692139,3.397850037
k,53563.0,-58.05791473,-4.679236888999999,3.586593628
k,53564.0,-58.05982208,-4.750200748,3.7924098969999998
k,53565.0,-58.05018616,-4.815702915,3.984474182
k,53566.0,-58.05046082,-4.8882646560000005,4.194461823
k,53567.0,-58.05673981,-4.95455122,4.388244629
k,53568.0,-57.84709549,-3.5939326289999998,0.385206461
k,53569.0,-57.85020447,-3.6640005110000002,0.5951788425
k,53570.0,-57.85676193,-3.728130817,0.7856340408
k,53571.0,-57.86196136,-3.796446085,0.9902620315999999
k,53572.0,-57.8642807,-3.862120867,1.187401772
k,53573.0,-57.85486603,-3.9333288669999997,1.39885664
k,53574.0,-57.84738541,-4.004819393,1.6064958569999999
k,53575.0,-57.82997131,-4.071040153999999,1.801991463
k,53576.0,-57.82294464,-4.1344842910000015,1.9945755
k,53577.0,-57.833419799999994,-4.198809624,2.1887884140000002
k,53578.0,-57.84713364,-4.265874386,2.387716293
k,53579.0,-57.84246826,-4.336781025,2.592987061
k,53580.0,-57.83906937,-4.391274929,2.753742218
k,53581.0,-57.83302689,-4.496779442,3.058748245
k,53582.0,-57.84283447,-4.54245615,3.191343307
k,53583.0,-57.84814453,-4.612782955,3.39499855
k,53584.0,-57.84294128,-4.679994583,3.591632843
k,53585.0,-57.84763336,-4.752684116,3.8027362819999997
k,53586.0,-57.85889053,-4.813885212,3.980442047
k,53587.0,-57.85826111,-4.884716988,4.188085556
k,53588.0,-57.85267639,-4.953785896,4.390903473
k,53589.0,-57.62530518,-3.60025382,0.40458762649999996
k,53590.0,-57.62918854,-3.662240505,0.5899641514
k,53591.0,-57.64279938,-3.728815794,0.7854199409
k,53592.0,-57.64221191,-3.7988440989999996,0.9925560951000001
k,53593.0,-57.65071869,-3.866358995,1.1972785
k,53594.0,-57.65471268,-3.9293463230000003,1.38397646
k,53595.0,-57.66392136,-4.003004551,1.597600937
k,53596.0,-57.66002655,-4.068514824,1.7911615369999998
k,53597.0,-57.65461731,-4.131587505,1.984289169
k,53598.0,-57.65822601,-4.198397636,2.187114716
k,53599.0,-57.65584564,-4.2653932569999995,2.385852814
k,53600.0,-57.66143799,-4.338839054,2.600042343
k,53601.0,-57.63782501,-4.388849735,2.752573013
k,53602.0,-57.66220093,-4.491990566,3.047348022
k,53603.0,-57.66287231,-4.542309284,3.192695618
k,53604.0,-57.65335846,-4.608410358,3.38463974
k,53605.0,-57.65723419,-4.677591801,3.5871162410000004
k,53606.0,-57.64595032,-4.750475883,3.7911109919999997
k,53607.0,-57.65829086,-4.819285393,3.9982089999999997
k,53608.0,-57.66446686,-4.88261795,4.185533523999999
k,53609.0,-57.65110016,-4.950984001,4.38653183
k,53610.0,-57.45171738,-3.5980553630000003,0.3971062899
k,53611.0,-57.45201874,-3.668680906,0.6076693535000001
k,53612.0,-57.45793915,-3.7322502139999996,0.7949748039
k,53613.0,-57.46324158,-3.7975273130000002,0.9882693291
k,53614.0,-57.43456268,-3.866283178,1.192780972
k,53615.0,-57.44622803,-3.936003447,1.401857853
k,53616.0,-57.45040131,-4.002150536,1.595868111
k,53617.0,-57.47222900000001,-4.069662094,1.795054436
k,53618.0,-57.46060562,-4.135188103,1.9911832809999999
k,53619.0,-57.45730591,-4.2000746730000005,2.183939934
k,53620.0,-57.45589447,-4.271589279,2.396696091
k,53621.0,-57.45674896,-4.3387556080000005,2.59526062
k,53622.0,-57.46081924,-4.390184402,2.754440308
k,53623.0,-57.45133591,-4.495261192,3.0585289
k,53624.0,-57.45278168,-4.542619705,3.1934394839999998
k,53625.0,-57.45098114,-4.611821175,3.392946243
k,53626.0,-57.44220352,-4.679397583,3.591100693
k,53627.0,-57.45960236,-4.750659466,3.77961731
k,53628.0,-57.45589447,-4.836586475,4.0060729980000005
k,53629.0,-57.46961975,-4.899325848,4.193805695
k,53630.0,-57.46093369,-4.963178158,4.38725853
k,53631.0,-57.25856781,-3.5922188760000004,0.3812531233
k,53632.0,-57.25388718,-3.664567232,0.5985593796
k,53633.0,-57.24575806,-3.7293834689999996,0.7891843318999999
k,53634.0,-57.25305939,-3.799296141,0.9932069778
k,53635.0,-57.249557499999995,-3.867713451,1.197685242
k,53636.0,-57.25002289,-3.929660797,1.381965637
k,53637.0,-57.25880051,-4.00310564,1.5987815859999999
k,53638.0,-57.24815369,-4.070783138,1.798183441
k,53639.0,-57.25157166,-4.1354074480000005,1.9934263230000002
k,53640.0,-57.25717545,-4.200531483,2.188476563
k,53641.0,-57.25217819,-4.269555092,2.393556595
k,53642.0,-57.25074768,-4.337454796,2.593858719
k,53643.0,-57.26011276,-4.39148283,2.7570295330000003
k,53644.0,-57.26158524,-4.496166706,3.06215477
k,53645.0,-57.26101685,-4.541753769,3.194402695
k,53646.0,-57.25492096,-4.607811451,3.3864459989999998
k,53647.0,-57.25962067,-4.676673889,3.5881252289999996
k,53648.0,-57.2518959,-4.751189709,3.7919807430000003
k,53649.0,-57.22897339,-4.814186573,3.993448257
k,53650.0,-57.24282074,-4.881659508,4.197753906
k,53651.0,-57.24898529,-4.955434799,4.398994446000001
k,53652.0,-64.46089172,-3.609727383,0.4369021654
k,53653.0,-64.46344757,-3.674342155,0.6298012733
k,53654.0,-64.45774841,-3.745410442,0.8339505195999999
k,53655.0,-64.45442963,-3.81967783,1.047711372
k,53656.0,-64.45884705,-3.879794121,1.223565102
k,53657.0,-64.43379974,-3.94784236,1.425282955
k,53658.0,-64.45512389999999,-4.019128323,1.6349296569999998
k,53659.0,-64.46704865,-4.091722488,1.8465280530000001
k,53660.0,-64.48164368,-4.160678863999999,2.04919529
k,53661.0,-64.47531128,-4.2263083460000015,2.2433938980000003
k,53662.0,-64.46684265,-4.290569305,2.432003975
k,53663.0,-64.46764374,-4.361204624,2.637386322
k,53664.0,-64.48098755,-4.401824474,2.7539882660000004
k,53665.0,-64.46963501,-4.510674477,3.078722
k,53666.0,-64.45801544,-4.5657758710000005,3.242485046
k,53667.0,-64.4523468,-4.633795738,3.4436779019999997
k,53668.0,-64.45727539,-4.699724674,3.6367645260000003
k,53669.0,-64.44555664,-4.766335487,3.8324604030000002
k,53670.0,-64.45605469,-4.83490324,4.032583237
k,53671.0,-64.46038818,-4.906404495,4.235151291
k,53672.0,-64.44913483,-4.971455097,4.411481857
k,53673.0,-57.05382156,-3.5923295019999997,0.38626885409999995
k,53674.0,-57.05172729,-3.6631054880000002,0.5999755859
k,53675.0,-57.0608139,-3.730246305,0.7957296370999999
k,53676.0,-57.05319977,-3.801065683,0.9996151924
k,53677.0,-57.05210876,-3.865071297,1.1890530590000001
k,53678.0,-57.0530777,-3.9344434739999996,1.3956470490000001
k,53679.0,-57.0500946,-3.999075651,1.5855436330000001
k,53680.0,-57.05496216,-4.067329407,1.787652016
k,53681.0,-57.05191803,-4.1391539569999996,2.00632
k,53682.0,-57.05867767,-4.200476646,2.19148159
k,53683.0,-57.05894470000001,-4.267523766,2.390501022
k,53684.0,-57.05989075,-4.336447239,2.591773033
k,53685.0,-57.06136322,-4.390709877,2.754852295
k,53686.0,-57.06723785,-4.493358135,3.0545578
k,53687.0,-57.05799866,-4.541073798999999,3.1928672789999997
k,53688.0,-57.04277802,-4.610147476,3.394220352
k,53689.0,-57.05691528,-4.675870419,3.587543488
k,53690.0,-57.06065369,-4.750450133999999,3.805030823
k,53691.0,-57.05851746,-4.813607693,3.9899291989999996
k,53692.0,-57.05300903,-4.879677773,4.188440323
k,53693.0,-57.02820587,-4.948657513000001,4.385848998999999
k,53694.0,-56.85122299,-3.6175706389999998,0.46465027329999997
k,53695.0,-56.85624313,-3.6862306589999996,0.6709654331
k,53696.0,-56.86456679999999,-3.753372192,0.8630459309
k,53697.0,-56.85538864,-3.821602345,1.0599493979999999
k,53698.0,-56.85783005,-3.8883666989999996,1.258843422
k,53699.0,-56.84775925,-3.9562757019999997,1.458409309
k,53700.0,-56.85654449,-4.0220718380000005,1.652279854
k,53701.0,-56.855636600000004,-4.093601227,1.8678722380000001
k,53702.0,-56.85060883,-4.156122684,2.058042526
k,53703.0,-56.85522079,-4.224863052,2.264545441
k,53704.0,-56.84750748,-4.293153763,2.465855598
k,53705.0,-56.85450745,-4.358431816,2.6572198869999997
k,53706.0,-56.84698868,-4.4095406530000005,2.8042697910000003
k,53707.0,-56.85564423,-4.50838995,3.100149155
k,53708.0,-56.85398865,-4.564306736,3.2612876889999995
k,53709.0,-56.85227203,-4.63169384,3.458278656
k,53710.0,-56.86516953,-4.699093342,3.656177521
k,53711.0,-56.85879517,-4.7714962960000005,3.8656883239999997
k,53712.0,-56.85326004,-4.838674068,4.065214157
k,53713.0,-56.85554504,-4.904225826,4.261650085
k,53714.0,-56.85813904,-4.97444582,4.441257477
k,53715.0,-56.66172791,-3.615003109,0.45477533340000004
k,53716.0,-56.66027832,-3.682460546,0.6566493511
k,53717.0,-56.65128708,-3.7505447860000003,0.8535888195
k,53718.0,-56.65717316,-3.81942296,1.05361557
k,53719.0,-56.66672134,-3.8871850969999997,1.2542862890000002
k,53720.0,-56.65933228,-3.959685802,1.467401028
k,53721.0,-56.65056992,-4.024724483,1.660326004
k,53722.0,-56.65717316,-4.090687752,1.8582372669999998
k,53723.0,-56.65236282,-4.15683651,2.059161186
k,53724.0,-56.65991211,-4.224852562,2.263038635
k,53725.0,-56.652175899999996,-4.292666435,2.4634141919999997
k,53726.0,-56.65287399,-4.361255169,2.663064003
k,53727.0,-56.65583801,-4.407568932,2.7980813980000003
k,53728.0,-56.66904449,-4.507379055,3.095558167
k,53729.0,-56.65153503,-4.5625,3.25623703
k,53730.0,-56.65300369,-4.6300296780000005,3.45334053
k,53731.0,-56.65351868,-4.699244976,3.656896591
k,53732.0,-56.65393829,-4.769805431,3.862068176
k,53733.0,-56.64532852,-4.836254597,4.058286667
k,53734.0,-56.66191101,-4.901773453000001,4.2536067960000015
k,53735.0,-56.652175899999996,-4.9748501780000005,4.444190979
k,53736.0,-56.46216583,-3.608973742,0.4367902279
k,53737.0,-56.45596695,-3.676371098,0.6370561122999999
k,53738.0,-56.45092773,-3.741630077,0.8268647194
k,53739.0,-56.45168304,-3.810305357,1.025415897
k,53740.0,-56.45198059,-3.884378195,1.245075226
k,53741.0,-56.4610672,-3.9465055469999997,1.428155422
k,53742.0,-56.45026779,-4.012867451,1.626436234
k,53743.0,-56.45816803,-4.082057476,1.832650185
k,53744.0,-56.46074677,-4.146287441,2.02820015
k,53745.0,-56.44933701,-4.216989517,2.239164352
k,53746.0,-56.45093918,-4.285036087,2.441322327
k,53747.0,-56.46625137,-4.352431297,2.6376819609999997
k,53748.0,-56.46641541,-4.400892258,2.778452873
k,53749.0,-56.44937134,-4.504056454,3.0866622919999998
k,53750.0,-56.45357132,-4.553589344,3.230161667
k,53751.0,-56.46041107,-4.623452187,3.4343223569999997
k,53752.0,-56.45720673,-4.691959858,3.637044907
k,53753.0,-56.45749664,-4.760545731000001,3.8381633760000002
k,53754.0,-56.45801544,-4.824877262,4.030145645
k,53755.0,-56.45349884,-4.89347744,4.2328453060000015
k,53756.0,-56.45176697,-4.969929218,4.4318847660000005
k,53757.0,-56.251064299999996,-3.6193296910000003,0.4698890448
k,53758.0,-56.26173401,-3.684712648,0.6630079746
k,53759.0,-56.25974274,-3.751062393,0.8552806377
k,53760.0,-56.24710846,-3.820142031,1.05553627
k,53761.0,-56.24809265,-3.889668941,1.2613730429999999
k,53762.0,-56.25674438,-3.9579432010000004,1.464041233
k,53763.0,-56.26237488,-4.0245642660000005,1.660124779
k,53764.0,-56.25022888,-4.0932827000000005,1.867160797
k,53765.0,-56.25447083,-4.155559063,2.056195259
k,53766.0,-56.25419617,-4.224183083,2.261194229
k,53767.0,-56.25286865,-4.288047791,2.450714111
k,53768.0,-56.2453537,-4.357378006,2.653861046
k,53769.0,-56.24786377,-4.407155037,2.797592163
k,53770.0,-56.24459839,-4.506036282,3.0958004
k,53771.0,-56.26212692,-4.562412262,3.2579307560000004
k,53772.0,-56.25597382,-4.630158423999999,3.457645416
k,53773.0,-56.25673676,-4.695431232,3.6523284910000013
k,53774.0,-56.24910736,-4.76527071,3.854810715
k,53775.0,-56.25164032,-4.831199646,4.051954268999999
k,53776.0,-56.2546463,-4.904066563,4.264533997
k,53777.0,-56.26190567,-4.971287251000001,4.43911171
k,53778.0,-56.05360031,-3.615123987,0.45885884759999995
k,53779.0,-56.056633,-3.6791136260000004,0.6495239735
k,53780.0,-56.04746246,-3.75238657,0.8595280647
k,53781.0,-56.05817032,-3.819683552,1.054550171
k,53782.0,-56.04953766,-3.888770342,1.259070873
k,53783.0,-56.06223297,-3.9545731539999998,1.447256088
k,53784.0,-56.06241989,-4.027826309,1.660238266
k,53785.0,-56.06324768,-4.091997147,1.85175705
k,53786.0,-56.05882645,-4.158017635,2.04930687
k,53787.0,-56.05554962,-4.230893135,2.266695976
k,53788.0,-56.06559753,-4.291936874,2.455945015
k,53789.0,-56.06282806,-4.358292103,2.655342102
k,53790.0,-56.05354309,-4.412307739,2.810118675
k,53791.0,-56.05354691,-4.506229401000001,3.0806999210000003
k,53792.0,-56.05943298,-4.567991257,3.2635917660000002
k,53793.0,-56.05421448,-4.627574921,3.452375412
k,53794.0,-56.04985809,-4.695672989,3.652982712
k,53795.0,-56.05391693,-4.767673016,3.861171722
k,53796.0,-56.04974365,-4.831736565,4.051847458
k,53797.0,-56.04864883,-4.9008364680000005,4.253381729
k,53798.0,-56.04959106,-4.977153778,4.448556900000002
k,53799.0,-55.87273026,-3.613436222,0.4503657818
k,53800.0,-55.87883759,-3.6770915989999997,0.6406214237
k,53801.0,-55.89841461,-3.75452137,0.8664801121
k,53802.0,-55.87973404,-3.828424692,1.081160069
k,53803.0,-55.84936142,-3.8903250689999997,1.264173508
k,53804.0,-55.83615875,-3.9545309539999995,1.4535517690000002
k,53805.0,-55.83669281,-4.022747517,1.655614853
k,53806.0,-55.85499573,-4.090382099,1.8582696909999998
k,53807.0,-55.84938431,-4.155620098,2.062509537
k,53808.0,-55.87256241,-4.21954155,2.255606651
k,53809.0,-55.84513855,-4.288679599999999,2.462841034
k,53810.0,-55.84976959,-4.356510162,2.660098076
k,53811.0,-55.85971832,-4.40959692,2.821944237
k,53812.0,-55.85431671,-4.499085426000001,3.0842857360000004
k,53813.0,-55.84658813,-4.560916901000001,3.255876541
k,53814.0,-55.86486816,-4.628410816000001,3.4556636810000003
k,53815.0,-55.86120605,-4.694543839,3.649700165
k,53816.0,-55.86052704,-4.766928196,3.8586730960000004
k,53817.0,-55.85023499,-4.8372964860000005,4.067518234
k,53818.0,-55.85345078,-4.90050602,4.254827499
k,53819.0,-55.85290909,-4.972395897,4.441896439
k,53820.0,-55.64370728,-3.615439653,0.4582602978
k,53821.0,-55.65097046,-3.6825799939999997,0.6570205688
k,53822.0,-55.64244461,-3.751292706,0.8551692962999999
k,53823.0,-55.66950607,-3.823334932,1.066298962
k,53824.0,-55.68764114,-3.887745142,1.25792551
k,53825.0,-55.68486786,-3.9579477310000004,1.465543747
k,53826.0,-55.65995407,-4.022595882,1.6534242630000002
k,53827.0,-55.63887024,-4.094553947,1.871535301
k,53828.0,-55.63199234,-4.157687187,2.0653800959999997
k,53829.0,-55.64311218,-4.219416618,2.253229141
k,53830.0,-55.64007187,-4.288928509,2.4605436330000003
k,53831.0,-55.64027023,-4.3579039569999996,2.66516304
k,53832.0,-55.64157867,-4.399888515,2.78806591
k,53833.0,-55.65207672,-4.50935936,3.1027565
k,53834.0,-55.65196228,-4.562530518,3.2599067689999996
k,53835.0,-55.64235306,-4.6306152339999995,3.4611129760000003
k,53836.0,-55.65238953,-4.697624207,3.659358978
k,53837.0,-55.65200806,-4.767001629,3.860782623
k,53838.0,-55.64874268,-4.833474159,4.0575771330000014
k,53839.0,-55.6553421,-4.9033684730000004,4.264234543
k,53840.0,-55.65563202,-4.977095127,4.450159073
k,53841.0,-55.44915009,-3.6097297669999997,0.44174242020000004
k,53842.0,-55.471138,-3.677199364,0.6407279968
k,53843.0,-55.47194672,-3.7426583769999997,0.8321957588
k,53844.0,-55.449386600000004,-3.804864168,1.024441242
k,53845.0,-55.43201065,-3.8750529289999998,1.239571571
k,53846.0,-55.41967773,-3.9468438630000002,1.450947285
k,53847.0,-55.44110107,-4.014562607,1.645487785
k,53848.0,-55.44855118,-4.083733559,1.8429174419999999
k,53849.0,-55.44876099,-4.145944595,2.0332765580000003
k,53850.0,-55.451904299999995,-4.21419096,2.2332620619999997
k,53851.0,-55.45634842,-4.281739712,2.434387207
k,53852.0,-55.45458221,-4.350286484,2.639482498
k,53853.0,-55.46549988,-4.393670558999999,2.7714242939999996
k,53854.0,-55.45623779,-4.505306721,3.09264946
k,53855.0,-55.45165253,-4.554993629,3.238164902
k,53856.0,-55.45625305,-4.623056889,3.4360427860000002
k,53857.0,-55.45394516,-4.688131332,3.6286010739999996
k,53858.0,-55.45172119,-4.75952816,3.838243484
k,53859.0,-55.45770645,-4.826673508,4.037410736
k,53860.0,-55.45853806,-4.893622398,4.235473633
k,53861.0,-55.45199966,-4.9718174930000005,4.437456131
k,53862.0,-55.25141525,-3.5988531110000004,0.4053866863
k,53863.0,-55.24779892,-3.663673162,0.6002328396
k,53864.0,-55.24526215,-3.731722832,0.7994627953
k,53865.0,-55.24768066,-3.798511744,0.9937939644
k,53866.0,-55.24942017,-3.861742735,1.183605671
k,53867.0,-55.26169968,-3.9305276869999997,1.389353275
k,53868.0,-55.26655579,-4.006608486,1.6122255330000002
k,53869.0,-55.26338196,-4.068824768,1.796764374
k,53870.0,-55.25000381,-4.133071899,1.9909935
k,53871.0,-55.25708771,-4.200563908,2.195429802
k,53872.0,-55.25883484,-4.268606186,2.3977708819999997
k,53873.0,-55.24908066,-4.335211277,2.59617424
k,53874.0,-55.24432755,-4.390314102,2.7592105869999997
k,53875.0,-55.25152588,-4.498943806000001,3.074552536
k,53876.0,-55.25721741,-4.540809155,3.196098328
k,53877.0,-55.25579834,-4.607458591,3.392068863
k,53878.0,-55.25754166,-4.674864769,3.5898590089999995
k,53879.0,-55.24534607,-4.748314381,3.805454254
k,53880.0,-55.25646210000001,-4.8151674269999996,4.001882553
k,53881.0,-55.25344086,-4.8806638719999995,4.195127487
k,53882.0,-55.25434494,-4.953594685,4.404087067
k,53883.0,-64.25453186,-3.607983828,0.4341754913000001
k,53884.0,-64.24693298,-3.6760020260000004,0.6348776817
k,53885.0,-64.24098969,-3.743026972,0.8298420906
k,53886.0,-64.23784637,-3.810757875,1.025754452
k,53887.0,-64.25008392,-3.882168531,1.235730171
k,53888.0,-64.26441956,-3.9496541019999998,1.4316816330000002
k,53889.0,-64.26316833,-4.01993227,1.638388634
k,53890.0,-64.25408936,-4.0865135189999995,1.834348679
k,53891.0,-64.24146271,-4.153426647,2.034158707
k,53892.0,-64.25201416,-4.22300005,2.2405891419999997
k,53893.0,-64.26683044,-4.2929329869999995,2.444503784
k,53894.0,-64.25817871,-4.358914375,2.6376724240000002
k,53895.0,-64.24217224,-4.397952557,2.754217148
k,53896.0,-64.26052094,-4.509712696,3.081783295
k,53897.0,-64.24685669,-4.559900761000001,3.230489731
k,53898.0,-64.24971771,-4.6308770180000005,3.438165665
k,53899.0,-64.25598145,-4.702625751,3.649274826
k,53900.0,-64.26000977,-4.766141891,3.83357048
k,53901.0,-64.25585938,-4.832378864,4.025772095
k,53902.0,-64.24845886,-4.902183056,4.224369049
k,53903.0,-64.25294495,-4.972075462,4.411037445
k,53904.0,-55.03908157,-3.5998833180000003,0.40838146210000004
k,53905.0,-55.04557037,-3.6625180239999997,0.5988397597999999
k,53906.0,-55.05113983,-3.73137331,0.8000128269
k,53907.0,-55.06458282,-3.794127226,0.98102808
k,53908.0,-55.06102753,-3.8661646839999997,1.195234776
k,53909.0,-55.05453873,-3.93123889,1.388910294
k,53910.0,-55.05035019,-4.002735615,1.599898338
k,53911.0,-55.05056381,-4.0699143410000005,1.800611496
k,53912.0,-55.056114199999996,-4.138258457,2.00968647
k,53913.0,-55.05577469,-4.20056057,2.197319031
k,53914.0,-55.0515976,-4.267939568,2.39770031
k,53915.0,-55.05569839,-4.337247372,2.60201931
k,53916.0,-55.06016159,-4.3900003430000005,2.755807877
k,53917.0,-55.05282974,-4.492870331000001,3.051584244
k,53918.0,-55.05311584,-4.540950298,3.195726395
k,53919.0,-55.06158447,-4.606930256,3.389823914
k,53920.0,-55.06323624,-4.67509222,3.59029007
k,53921.0,-55.05327988,-4.746676445,3.79968071
k,53922.0,-55.05489731,-4.811793804,3.9918689730000003
k,53923.0,-55.05189514,-4.8820042610000005,4.198993683
k,53924.0,-55.05673599,-4.951727867,4.398122787
k,53925.0,-54.86618805,-3.609481812,0.4395587444
k,53926.0,-54.85453796,-3.6745646,0.6346008778
k,53927.0,-54.85979462,-3.7438747880000003,0.8363118172
k,53928.0,-54.85410309,-3.8125529289999998,1.034918308
k,53929.0,-54.853302,-3.881284237,1.239523888
k,53930.0,-54.84683609,-3.945812225,1.4306988719999998
k,53931.0,-54.84950256,-4.011508942,1.624857903
k,53932.0,-54.86775970000001,-4.078310013,1.8248214719999998
k,53933.0,-54.85951233,-4.149231434,2.042139053
k,53934.0,-54.84403229,-4.21447897,2.2381315230000003
k,53935.0,-54.83998871,-4.283139229,2.441980362
k,53936.0,-54.84955215,-4.34953022,2.6354370119999997
k,53937.0,-54.8466835,-4.397253513,2.7755174639999995
k,53938.0,-54.85531235,-4.501229763,3.077571869
k,53939.0,-54.86004257,-4.5555343630000005,3.23941803
k,53940.0,-54.85784912,-4.623097897,3.4369525910000003
k,53941.0,-54.85509109,-4.691456795,3.6389331819999997
k,53942.0,-54.86309052,-4.76353693,3.848491669
k,53943.0,-54.85440445,-4.8270459180000005,4.0349903110000005
k,53944.0,-54.84674835,-4.896698475,4.237522125
k,53945.0,-54.84423065,-4.972309589,4.43321991
k,53946.0,-54.64909744,-3.6106600760000003,0.4358143806000001
k,53947.0,-54.65119934,-3.680408478,0.6479678154
k,53948.0,-54.64756393,-3.7429735660000003,0.8326833248000001
k,53949.0,-54.65609741,-3.813592196,1.039804935
k,53950.0,-54.65504074,-3.880623817,1.23967886
k,53951.0,-54.66422272,-3.945995092,1.432474136
k,53952.0,-54.65252304,-4.014384747,1.6352300640000001
k,53953.0,-54.65161896,-4.080999374,1.834459305
k,53954.0,-54.64646149,-4.147037983,2.036466599
k,53955.0,-54.6568985,-4.216046333,2.2430934909999998
k,53956.0,-54.65068436,-4.285926819,2.449315071
k,53957.0,-54.65387726,-4.349473476,2.634594917
k,53958.0,-54.67063141,-4.397807598,2.77295208
k,53959.0,-54.65943146,-4.4990816119999995,3.071146011
k,53960.0,-54.6634407,-4.557802677,3.24618721
k,53961.0,-54.65420914,-4.624478817,3.4417915339999996
k,53962.0,-54.64931107,-4.6888022419999995,3.630292892
k,53963.0,-54.64870071,-4.765109062,3.8535175319999997
k,53964.0,-54.65494156,-4.825929642,4.031663895
k,53965.0,-54.65108109,-4.895050049,4.232688904
k,53966.0,-54.65937042,-4.97329998,4.436880112
k,53967.0,-54.45213318,-3.600440025,0.4054945707
k,53968.0,-54.45042419,-3.664168835,0.6002519131
k,53969.0,-54.44743729,-3.7322418689999997,0.8009054661
k,53970.0,-54.45954514,-3.7998509410000003,0.9982390404000001
k,53971.0,-54.43872070000001,-3.866403818,1.196389675
k,53972.0,-54.44869995,-3.935409307,1.401545048
k,53973.0,-54.45895004,-4.00389576,1.604447365
k,53974.0,-54.45714188,-4.072353363,1.809565544
k,53975.0,-54.446064,-4.135534286,2.000616074
k,53976.0,-54.45123291,-4.200461388,2.195695877
k,53977.0,-54.44921494,-4.268623352,2.3982887269999997
k,53978.0,-54.45379257,-4.3421397210000015,2.61027813
k,53979.0,-54.45514679,-4.3919034,2.754116058
k,53980.0,-54.4484024,-4.495140076,3.05777359
k,53981.0,-54.45343018,-4.5426802639999995,3.2001075739999996
k,53982.0,-54.45745468,-4.611505032,3.402000427
k,53983.0,-54.4531517,-4.680083752,3.6038818360000002
k,53984.0,-54.45642090000001,-4.750158787,3.8089218139999996
k,53985.0,-54.45467377,-4.813528061,3.9961185460000004
k,53986.0,-54.45859909,-4.884928703,4.202144623
k,53987.0,-54.46050262,-4.9521670339999995,4.3954677580000014
k,53988.0,-54.24586868,-3.60060811,0.4034155607
k,53989.0,-54.25077438,-3.663434029,0.5959322453
k,53990.0,-54.25639725,-3.73685813,0.8146574497
k,53991.0,-54.26190186,-3.801365614,1.0032258029999999
k,53992.0,-54.25774384,-3.869533539,1.204846382
k,53993.0,-54.25958252,-3.931957722,1.392254829
k,53994.0,-54.25911713,-4.005246639,1.609285355
k,53995.0,-54.26750183,-4.0711550710000015,1.806071281
k,53996.0,-54.24901581,-4.137176037,2.005123138
k,53997.0,-54.2530098,-4.203723431,2.204493523
k,53998.0,-54.2579689,-4.269289017,2.399729729
k,53999.0,-54.25124359,-4.339596272,2.602558136
k,531000.0,-54.24859619,-4.396990299,2.766655922
k,531001.0,-54.2491684,-4.495100975,3.056711197
k,531002.0,-54.25910568,-4.541429043,3.194246292
k,531003.0,-54.25292587,-4.614787579,3.40867424
k,531004.0,-54.25177002,-4.680893898,3.603822708
k,531005.0,-54.25767517,-4.7499699589999995,3.806951523
k,531006.0,-54.25875473,-4.81350565,3.995624542
k,531007.0,-54.24634552,-4.88379097,4.198051453
k,531008.0,-54.255996700000004,-4.95734787,4.406986237
k,531009.0,-54.05786514,-3.621768475,0.4698925018
k,531010.0,-54.05005264,-3.686175108,0.6651139259000001
k,531011.0,-54.05814743,-3.751012564,0.8551259041
k,531012.0,-54.05401993,-3.8214814660000003,1.062754154
k,531013.0,-54.06036758,-3.88904953,1.2651801109999998
k,531014.0,-54.06686401,-3.960936308,1.46359396
k,531015.0,-54.06319809,-4.026979446,1.65917778
k,531016.0,-54.06781387,-4.0924115180000005,1.8610706330000002
k,531017.0,-54.07327271,-4.161558151,2.06278801
k,531018.0,-54.05940247,-4.231311798,2.25671196
k,531019.0,-54.06874084,-4.294931889,2.460762024
k,531020.0,-54.07063675,-4.36619997,2.666591644
k,531021.0,-54.04830551,-4.412274837,2.798984528
k,531022.0,-54.07566071,-4.515735149,3.099723816
k,531023.0,-54.06578064,-4.568213463,3.2557544710000004
k,531024.0,-54.05827713,-4.63406992,3.466861725
k,531025.0,-54.05516815,-4.697906494,3.654970169
k,531026.0,-54.05014038,-4.768629551,3.8610363010000004
k,531027.0,-54.05564117,-4.837141991,4.062927246
k,531028.0,-54.05358887,-4.906625748,4.260282516
k,531029.0,-54.05745697,-4.980309963,4.450769424
k,531030.0,-53.86426163,-3.614554167,0.4512114525
k,531031.0,-53.86113739,-3.67685771,0.6379287243
k,531032.0,-53.87467957,-3.74326396,0.8295199871
k,531033.0,-53.86152649,-3.8163108830000003,1.044916153
k,531034.0,-53.85762024,-3.88163209,1.241934776
k,531035.0,-53.84503555,-3.9494357110000013,1.444177628
k,531036.0,-53.83472824,-4.014077187,1.636060715
k,531037.0,-53.83842087,-4.080720901,1.83537674
k,531038.0,-53.85925293,-4.147150993,2.035508156
k,531039.0,-53.85661697,-4.217161655,2.245294571
k,531040.0,-53.84720612,-4.286008835,2.449669838
k,531041.0,-53.84195328,-4.354628563,2.6476974490000003
k,531042.0,-53.84227753,-4.407680511000001,2.7988939289999997
k,531043.0,-53.85205841,-4.5081653589999995,3.098926544
k,531044.0,-53.84916306,-4.555601597,3.2368526460000004
k,531045.0,-53.85354233,-4.625136375,3.4383087160000003
k,531046.0,-53.86472321,-4.693843365,3.64058876
k,531047.0,-53.85643768,-4.763188362,3.844552994
k,531048.0,-53.87071228,-4.826942444,4.031833649
k,531049.0,-53.86522675,-4.898991108,4.2383079530000005
k,531050.0,-53.86325455,-4.976102352,4.441057205
k,531051.0,-53.63011169,-3.6170785430000003,0.4678024054
k,531052.0,-53.66223145,-3.69120717,0.6824157237999999
k,531053.0,-53.6446228,-3.758830547,0.8746078014
k,531054.0,-53.64746857,-3.824703693,1.071512222
k,531055.0,-53.65617752,-3.889217377,1.265581131
k,531056.0,-53.65949249,-3.958038807,1.469985008
k,531057.0,-53.66553879,-4.021921635,1.657125473
k,531058.0,-53.65065384,-4.0925769810000014,1.866848946
k,531059.0,-53.64026260000001,-4.1602101330000005,2.071297646
k,531060.0,-53.64630127,-4.227876663,2.274878502
k,531061.0,-53.65791702,-4.292024136,2.4651985169999997
k,531062.0,-53.65865326,-4.362515926,2.6734380719999997
k,531063.0,-53.65673065,-4.408165455,2.806013107
k,531064.0,-53.64936447,-4.510943413,3.1077499389999996
k,531065.0,-53.65710449,-4.567315102,3.271373749
k,531066.0,-53.65925217,-4.636162758,3.4714679719999997
k,531067.0,-53.65002441,-4.7019982339999995,3.664743423
k,531068.0,-53.65039444,-4.775330544,3.861934662
k,531069.0,-53.65983582,-4.842625141,4.075120926
k,531070.0,-53.64968109,-4.911095619,4.273078918
k,531071.0,-53.65237427,-4.981909752,4.455320358
k,531072.0,-53.45208359,-3.61503315,0.45344138149999996
k,531073.0,-53.45770264,-3.687518835,0.6685183048
k,531074.0,-53.46308899,-3.7585413460000003,0.8738486767
k,531075.0,-53.45892715,-3.823937416,1.066691875
k,531076.0,-53.47298431,-3.886281967,1.252390385
k,531077.0,-53.45413208,-3.9562931060000004,1.4602494240000001
k,531078.0,-53.44325256,-4.0291233060000025,1.6770238880000001
k,531079.0,-53.44208908,-4.095903873,1.876734734
k,531080.0,-53.46246338,-4.1547403339999995,2.05395031
k,531081.0,-53.46524429,-4.226682663,2.269079208
k,531082.0,-53.45023346,-4.29042387,2.4577016830000002
k,531083.0,-53.454189299999996,-4.359113693,2.6620712280000003
k,531084.0,-53.45885849,-4.408398151,2.8068141939999998
k,531085.0,-53.45505524,-4.513399123999999,3.114208221
k,531086.0,-53.45175552,-4.563988686,3.260381699
k,531087.0,-53.45600128,-4.634902954,3.465726852
k,531088.0,-53.45688629,-4.699754238,3.657052994
k,531089.0,-53.44834137,-4.776686668,3.844717026
k,531090.0,-53.44665909,-4.861216545,4.075643539
k,531091.0,-53.45108032,-4.923670292,4.26219368
k,531092.0,-53.45568848,-4.987738132,4.442520142
k,531093.0,-53.24607849,-3.6193797589999996,0.46700763700000003
k,531094.0,-53.24536514,-3.6862628460000004,0.6639492511999999
k,531095.0,-53.28364563,-3.752055883,0.8566007614
k,531096.0,-53.28920746,-3.816870928,1.058092594
k,531097.0,-53.2758522,-3.891880035,1.2729349140000001
k,531098.0,-53.23709106,-3.958387613,1.474140644
k,531099.0,-53.25342560000001,-4.02312088,1.666002274
k,531100.0,-53.25662231,-4.090118408,1.865684509
k,531101.0,-53.25834656,-4.15788126,2.067417145
k,531102.0,-53.25170135,-4.222546101,2.2608308790000002
k,531103.0,-53.25510025,-4.2931923869999995,2.470135689
k,531104.0,-53.25483704,-4.362340927,2.672363281
k,531105.0,-53.26019669,-4.407622814,2.8013811110000004
k,531106.0,-53.25320053,-4.512645245,3.113092422
k,531107.0,-53.25720978,-4.565038681,3.2651939389999995
k,531108.0,-53.25630188,-4.632698536,3.463048935
k,531109.0,-53.24991989,-4.698002338,3.6564483639999996
k,531110.0,-53.25851822,-4.771947384,3.8609294889999997
k,531111.0,-53.26122284,-4.839839935,4.077190399
k,531112.0,-53.25629425,-4.904648781000001,4.263134003
k,531113.0,-53.24469757,-4.98686552,4.46185112
k,531114.0,-64.05506897,-3.606502056,0.4340229034000001
k,531115.0,-64.05741882,-3.673499107,0.6326367855
k,531116.0,-64.04821777,-3.7407588960000004,0.8263869286
k,531117.0,-64.0479126,-3.814279318,1.036926746
k,531118.0,-64.05519867,-3.877558231,1.224271297
k,531119.0,-64.04618835,-3.94336009,1.413972855
k,531120.0,-64.04223633,-4.0185914039999995,1.630279541
k,531121.0,-64.04606628,-4.090701103,1.841833115
k,531122.0,-64.04992676,-4.155258179,2.036003113
k,531123.0,-64.04802704,-4.217146873,2.221806526
k,531124.0,-64.04319,-4.293466568,2.43896389
k,531125.0,-64.04784393,-4.358866692,2.632866859
k,531126.0,-64.04046631,-4.396460533,2.7486896510000003
k,531127.0,-64.05413818,-4.512116432,3.076213837
k,531128.0,-64.05800629,-4.559372425,3.22592926
k,531129.0,-64.05810547,-4.629146099,3.435897827
k,531130.0,-64.05154419,-4.6953186989999995,3.63028717
k,531131.0,-64.05793762,-4.764432907,3.830928802
k,531132.0,-64.05053711,-4.834540844,4.034786223999999
k,531133.0,-64.05962372,-4.902800083,4.228961945
k,531134.0,-64.05126953,-4.973507403999999,4.4168262480000005
k,531135.0,-53.06652832,-3.6191046239999998,0.4659403563
k,531136.0,-53.05276871,-3.6880061630000003,0.6681900024
k,531137.0,-53.0350647,-3.753290892,0.8607573509
k,531138.0,-53.02543259,-3.8232522010000003,1.067962646
k,531139.0,-53.05054092,-3.886173248,1.257731915
k,531140.0,-53.05700684,-3.9617099760000003,1.486092091
k,531141.0,-53.05447388,-4.024183273,1.6726560590000001
k,531142.0,-53.05605698,-4.088882446,1.8655672069999998
k,531143.0,-53.05168152,-4.15629673,2.066533089
k,531144.0,-53.05378723,-4.2243433,2.2696561809999998
k,531145.0,-53.05772018,-4.294057846,2.4738149640000002
k,531146.0,-53.05575562,-4.3587594030000005,2.660625458
k,531147.0,-53.04858398,-4.411056519,2.808638573
k,531148.0,-53.06255722,-4.509932518,3.106069565
k,531149.0,-53.05401611,-4.5655708310000005,3.267408371
k,531150.0,-53.05304337,-4.63465929,3.470205307
k,531151.0,-53.0565834,-4.695397377,3.6487293239999996
k,531152.0,-53.05706787,-4.769581318,3.866306305
k,531153.0,-53.04701233,-4.833634853,4.05519104
k,531154.0,-53.05609512,-4.9072260860000005,4.268302917
k,531155.0,-53.05136108,-4.980470657,4.458051682
k,531156.0,-52.85136414,-3.610394478,0.4363322258
k,531157.0,-52.84540176,-3.6785526280000003,0.6408500671
k,531158.0,-52.85245514,-3.7476336960000003,0.8420221806
k,531159.0,-52.85166931,-3.81657362,1.0429883
k,531160.0,-52.83798218,-3.878194332,1.2295756340000001
k,531161.0,-52.85251236,-3.949758768,1.4494314190000002
k,531162.0,-52.86362076,-4.009097099,1.629317284
k,531163.0,-52.85773087,-4.081315994,1.845252991
k,531164.0,-52.84925079,-4.148441792,2.044823647
k,531165.0,-52.85907745,-4.212361336,2.234441757
k,531166.0,-52.86312866,-4.281087399,2.435613632
k,531167.0,-52.8532486,-4.353974818999999,2.643443108
k,531168.0,-52.85127258,-4.407022953,2.793963432
k,531169.0,-52.86498642,-4.507484436,3.0978641510000005
k,531170.0,-52.85921478,-4.555222511,3.236221313
k,531171.0,-52.86243439,-4.627028465,3.4465370180000003
k,531172.0,-52.84906769,-4.689249039,3.630163193
k,531173.0,-52.85865784,-4.760833263,3.84091568
k,531174.0,-52.85725403,-4.82684803,4.034938812
k,531175.0,-52.84580994,-4.895512581,4.234210968
k,531176.0,-52.86320114,-4.971954823,4.432508469
k,531177.0,-52.64768219,-3.613997698,0.4461745024
k,531178.0,-52.65544128,-3.68143487,0.64854002
k,531179.0,-52.65429306,-3.7455837730000003,0.8373274803
k,531180.0,-52.65314102,-3.816623926,1.0445690159999999
k,531181.0,-52.65617371,-3.881744385,1.239377022
k,531182.0,-52.65250397,-3.9490523339999997,1.4441633219999999
k,531183.0,-52.65529251,-4.015142441,1.644210815
k,531184.0,-52.66545105,-4.078711987,1.833882332
k,531185.0,-52.66634369,-4.1502079960000025,2.047354698
k,531186.0,-52.66464233,-4.213630676,2.235402107
k,531187.0,-52.65837097,-4.282038212,2.436520576
k,531188.0,-52.66453552,-4.3559012410000015,2.646512032
k,531189.0,-52.67604828,-4.407155037,2.7944068910000004
k,531190.0,-52.65962219,-4.510373116,3.105558395
k,531191.0,-52.65323639,-4.5594234469999995,3.2493915560000004
k,531192.0,-52.65077972,-4.624751091,3.43977356
k,531193.0,-52.65587616,-4.688385487,3.626350403
k,531194.0,-52.65649414,-4.761876106,3.842914581
k,531195.0,-52.65834427,-4.825026512,4.029563904
k,531196.0,-52.65057373,-4.897016048,4.2363185880000005
k,531197.0,-52.64978789999999,-4.968148708,4.425834656
k,531198.0,-52.44449234,-3.620776176,0.469299078
k,531199.0,-52.461975100000004,-3.688132524,0.6683320999
k,531200.0,-52.46593475,-3.7577023510000003,0.8722233772
k,531201.0,-52.46736145,-3.825336695,1.0696606640000001
k,531202.0,-52.461689,-3.891189098,1.266216278
k,531203.0,-52.45431519,-3.965838671,1.492466927
k,531204.0,-52.45080566,-4.026083946,1.674099922
k,531205.0,-52.43945313,-4.08759594,1.8598804469999999
k,531206.0,-52.45838547,-4.15816927,2.069185257
k,531207.0,-52.45334244,-4.224171162,2.263559341
k,531208.0,-52.449050899999996,-4.295865536,2.471754074
k,531209.0,-52.45204926,-4.3642492289999995,2.666090965
k,531210.0,-52.4548378,-4.411102295,2.801214218
k,531211.0,-52.4483223,-4.514235973,3.1146869660000003
k,531212.0,-52.44144058,-4.566218376,3.26679039
k,531213.0,-52.45852661,-4.633308887,3.4636020660000004
k,531214.0,-52.461975100000004,-4.698506832,3.656089783
k,531215.0,-52.45180129999999,-4.77282238,3.875494003
k,531216.0,-52.45503235,-4.835885525,4.060602188
k,531217.0,-52.45589066,-4.909328461,4.271934508999999
k,531218.0,-52.45096207,-4.975551128,4.4502048489999995
k,531219.0,-52.25938797,-3.6198604110000003,0.4653701782
k,531220.0,-52.25795746,-3.685371876,0.6615419388
k,531221.0,-52.25426483,-3.753768206,0.8611085415
k,531222.0,-52.24637222,-3.821211338,1.058171272
k,531223.0,-52.24549484,-3.889826775,1.262053967
k,531224.0,-52.24701309,-3.955585241,1.4612145419999998
k,531225.0,-52.26546097,-4.021342754,1.657743454
k,531226.0,-52.26245117,-4.087181568,1.856413841
k,531227.0,-52.23925018,-4.150502205,2.043571472
k,531228.0,-52.25793839,-4.222006798,2.25326252
k,531229.0,-52.26995468,-4.293823242,2.462119102
k,531230.0,-52.26591492,-4.359997272,2.651628494
k,531231.0,-52.24682617,-4.409965038,2.797869682
k,531232.0,-52.25257492,-4.512155056,3.1038818360000002
k,531233.0,-52.25444412,-4.560804367,3.24646759
k,531234.0,-52.25822067,-4.631561279,3.455501556
k,531235.0,-52.2522049,-4.6958999630000005,3.6458759310000004
k,531236.0,-52.25033569,-4.767981052,3.858594894
k,531237.0,-52.26065445,-4.835716724,4.059360504
k,531238.0,-52.25589752,-4.904528141,4.2582435610000005
k,531239.0,-52.258564,-4.974678516,4.441505432
k,531240.0,-52.05665207,-3.615705013,0.46039509770000003
k,531241.0,-52.05450058,-3.684083462,0.6664655209
k,531242.0,-52.05495834,-3.750445604,0.8595805168
k,531243.0,-52.05920792,-3.8216786380000003,1.06445837
k,531244.0,-52.05656052,-3.890183687,1.266308784
k,531245.0,-52.0477066,-3.95932889,1.473549843
k,531246.0,-52.05080032,-4.025789738,1.6687593459999999
k,531247.0,-52.05264664,-4.088112831,1.856784821
k,531248.0,-52.04949188,-4.160339355,2.0706310269999997
k,531249.0,-52.05371857,-4.227953911,2.267067909
k,531250.0,-52.05725098,-4.29272747,2.4566745759999997
k,531251.0,-52.05787659,-4.366046429,2.667682648
k,531252.0,-52.05144501,-4.411865711,2.796175003
k,531253.0,-52.06634903,-4.515779972,3.109714508
k,531254.0,-52.06506348,-4.571401119,3.2722091669999998
k,531255.0,-52.05816269,-4.634810925,3.4626522060000005
k,531256.0,-52.06331635,-4.702589989,3.66317749
k,531257.0,-52.05054855,-4.771482944,3.866241455
k,531258.0,-52.05149078,-4.839355946,4.067687988
k,531259.0,-52.04920578,-4.90614748,4.2613182069999995
k,531260.0,-52.04788589,-4.97844553,4.4530982969999995
k,531261.0,-63.85724258,-3.595207691,0.4030458927
k,531262.0,-63.84672165,-3.6653449539999996,0.6107432842
k,531263.0,-63.85491562,-3.7353935239999996,0.81077075
k,531264.0,-63.86029434,-3.8033382889999996,1.0066709520000001
k,531265.0,-63.86006927,-3.869131565,1.200423241
k,531266.0,-63.85569,-3.940915346,1.408976078
k,531267.0,-63.84327698,-4.008782864,1.605652809
k,531268.0,-63.85239029,-4.077817917,1.8082351680000002
k,531269.0,-63.84581757,-4.145329475,2.011752129
k,531270.0,-63.85136032,-4.209555626,2.206160545
k,531271.0,-63.86010742,-4.276880264,2.4054098130000003
k,531272.0,-63.84646606,-4.346074581,2.607150078
k,531273.0,-63.84766388,-4.3886895180000005,2.736907959
k,531274.0,-63.84718704,-4.504094124,3.072486877
k,531275.0,-63.84764099,-4.553070545,3.2169952389999996
k,531276.0,-63.85988235,-4.617857456,3.405763626
k,531277.0,-63.86267471,-4.684210299999998,3.6015071869999997
k,531278.0,-63.85095596,-4.755997658,3.80787468
k,531279.0,-63.85444641,-4.826635361,4.01307869
k,531280.0,-63.85523987,-4.8920845989999995,4.200689316
k,531281.0,-63.8562355,-4.96531105,4.398550033999999
k,531282.0,-63.66464996,-3.5942516330000003,0.4017894268
k,531283.0,-63.65363693,-3.6630656719999997,0.6056549549
k,531284.0,-63.63952637,-3.736274719,0.8151402473
k,531285.0,-63.64086914,-3.805739164,1.013395309
k,531286.0,-63.64427185,-3.871968985,1.209366322
k,531287.0,-63.65222549,-3.94050622,1.410066605
k,531288.0,-63.66303635,-4.00848341,1.6062183380000001
k,531289.0,-63.66791153,-4.075869083,1.803946495
k,531290.0,-63.65541458,-4.143995285,2.00941658
k,531291.0,-63.64234924,-4.21078968,2.20950222
k,531292.0,-63.64852142,-4.279870033,2.41327858
k,531293.0,-63.65178299,-4.34981966,2.616968155
k,531294.0,-63.65861511,-4.39155817,2.7400312419999997
k,531295.0,-63.64809036,-4.496302605,3.0477027889999997
k,531296.0,-63.657730099999995,-4.553571701,3.216485977
k,531297.0,-63.65375137,-4.621352196,3.4153976439999996
k,531298.0,-63.65311432,-4.688236237,3.612764359
k,531299.0,-63.64725876,-4.756604195,3.810358047
k,531300.0,-63.65314865,-4.826905727,4.01618576
k,531301.0,-63.65311432,-4.894802094,4.210187912
k,531302.0,-63.65795898,-4.9639310839999995,4.3961315160000005
k,531303.0,-63.45596695,-3.598038912,0.4126365185
k,531304.0,-63.45680618,-3.664617062,0.6098361015
k,531305.0,-63.45592499,-3.732740164,0.8058259487
k,531306.0,-63.46700287,-3.804147243,1.009570122
k,531307.0,-63.4593811,-3.870634079,1.205488205
k,531308.0,-63.46128464,-3.941058636,1.4123654369999998
k,531309.0,-63.45953369,-4.011918545,1.6171636580000002
k,531310.0,-63.44253539999999,-4.074564457,1.801999092
k,531311.0,-63.45345688,-4.14430666,2.0100660319999997
k,531312.0,-63.44844055,-4.215816498,2.220643997
k,531313.0,-63.44496155,-4.276483058999999,2.399339676
k,531314.0,-63.45322037,-4.35053587,2.614757538
k,531315.0,-63.44852066,-4.391746998,2.73488903
k,531316.0,-63.45126724,-4.496212959,3.0430870060000004
k,531317.0,-63.45333862,-4.553908348,3.213409424
k,531318.0,-63.44673538,-4.618457317,3.40404129
k,531319.0,-63.45160675,-4.688838959,3.6123695369999997
k,531320.0,-63.46123886,-4.755139351,3.806434631
k,531321.0,-63.45036316,-4.8226580619999995,4.0035057069999995
k,531322.0,-63.455097200000004,-4.893540382,4.2067985530000005
k,531323.0,-63.45782852,-4.962512493,4.397714615
k,531324.0,-63.2606926,-3.606424332,0.4377777576
k,531325.0,-63.25622559,-3.676841736,0.6472465992
k,531326.0,-63.25561142,-3.744155407,0.8406188487999999
k,531327.0,-63.25674438,-3.811580658,1.034671783
k,531328.0,-63.25008392,-3.8791608810000002,1.233266354
k,531329.0,-63.25106812,-3.949550152,1.437523365
k,531330.0,-63.2484169,-4.018632889,1.638293266
k,531331.0,-63.26037598,-4.087691307,1.842741966
k,531332.0,-63.25414276,-4.14936924,2.028482437
k,531333.0,-63.25458908,-4.2206912039999995,2.239450455
k,531334.0,-63.26068878,-4.285662651,2.430069923
k,531335.0,-63.24881363,-4.35454464,2.629954338
k,531336.0,-63.24740982,-4.395396709,2.74957943
k,531337.0,-63.25688553,-4.497327328,3.050813675
k,531338.0,-63.25728989,-4.558905602,3.233213425
k,531339.0,-63.25647736,-4.627869129,3.435880661
k,531340.0,-63.24859238,-4.696590424,3.6378307339999996
k,531341.0,-63.25514984,-4.763618469,3.829748154
k,531342.0,-63.26048660000001,-4.835234165,4.038618088
k,531343.0,-63.26347733,-4.903628826,4.23516655
k,531344.0,-63.25813293,-4.97210598,4.418796539
k,531345.0,-64.86090088,-3.500113249,0.1141664162
k,531346.0,-64.66090393,-3.500215054,0.1146900356
k,531347.0,-64.46089935,-3.500316858,0.1152136624
k,531348.0,-64.26090239999999,-3.500418663,0.1157372817
k,531349.0,-64.06090546,-3.500520468,0.1162609011
k,531350.0,-63.86090469,-3.5006220339999996,0.11678452789999999
k,531351.0,-63.66090393,-3.500723839,0.1173081473
k,531352.0,-63.46090698,-3.500825644,0.1178317666
k,531353.0,-63.26090622,-3.500927448,0.1183553934
k,531354.0,-63.06090927,-3.501029253,0.11887901279999999
k,531355.0,-62.86090851,-3.5011308189999997,0.11940263960000001
k,531356.0,-62.66090775,-3.5012326239999996,0.11992625890000001
k,531357.0,-62.4609108,-3.501334429,0.12044987830000001
k,531358.0,-62.26091003,-3.501436234,0.1209735051
k,531359.0,-62.06090927,-3.501538038,0.12149712439999999
k,531360.0,-61.86091232,-3.501639605,0.12202074380000001
k,531361.0,-61.66091156,-3.5017414089999996,0.12254437060000001
k,531362.0,-61.46091461,-3.501843214,0.12306798990000001
k,531363.0,-61.26091385,-3.501945019,0.1235916167
k,531364.0,-61.06091309,-3.502046824,0.1241152361
k,531365.0,-60.86091614,-3.50214839,0.1246388555
k,531366.0,-60.66091537,-3.502250195,0.12516248230000002
k,531367.0,-60.46091843,-3.5023519989999996,0.1256861091
k,531368.0,-60.26091766,-3.502453804,0.126209721
k,531369.0,-60.0609169,-3.502555609,0.1267333478
k,531370.0,-59.86091995,-3.502657175,0.12725697460000002
k,531371.0,-59.66091919,-3.50275898,0.12778058650000002
k,531372.0,-59.46091843,-3.502860785,0.1283042133
k,531373.0,-59.26092148,-3.5029625889999996,0.1288278401
k,531374.0,-59.06092072,-3.503064394,0.129351452
k,531375.0,-58.86092377,-3.50316596,0.12987507880000002
k,531376.0,-58.660923,-3.503267765,0.1303987056
k,531377.0,-58.46092224,-3.50336957,0.1309223175
k,531378.0,-58.26092529,-3.503471375,0.1314459443
k,531379.0,-58.06092453,-3.503573179,0.1319695711
k,531380.0,-57.86092758,-3.503674746,0.13249318300000001
k,531381.0,-57.66092682,-3.50377655,0.1330168098
k,531382.0,-57.46092606,-3.503878355,0.1335404366
k,531383.0,-57.26092911,-3.50398016,0.1340640485
k,531384.0,-57.06092834,-3.5040819639999996,0.1345876753
k,531385.0,-56.86092758,-3.5041835310000002,0.1351113021
k,531386.0,-56.66093063,-3.504285336,0.1356349289
k,531387.0,-56.46092987,-3.50438714,0.1361585408
k,531388.0,-56.26093292,-3.504488945,0.1366821676
k,531389.0,-56.06093216,-3.50459075,0.1372057945
k,531390.0,-55.8609314,-3.5046923160000003,0.1377294064
k,531391.0,-55.66093445,-3.504794121,0.13825303320000001
k,531392.0,-55.46093369,-3.504895926,0.13877666
k,531393.0,-55.26093674,-3.50499773,0.1393002719
k,531394.0,-55.06093597,-3.505099535,0.1398238987
k,531395.0,-54.86093521,-3.5052011010000004,0.14034752550000001
k,531396.0,-54.66093826,-3.5053029060000003,0.1408711374
k,531397.0,-54.4609375,-3.505404711,0.1413947642
k,531398.0,-54.26094055,-3.505506516,0.141918391
k,531399.0,-54.06093979,-3.50560832,0.1424420029
k,531400.0,-53.86093903,-3.505709887,0.1429656297
k,531401.0,-53.66094208,-3.5058116910000003,0.1434892565
k,531402.0,-53.46094131,-3.5059134960000002,0.1440128684
k,531403.0,-53.26094055,-3.506015301,0.1445364952
k,531404.0,-53.0609436,-3.506117105,0.14506012199999999
k,531405.0,-52.86094284,-3.5062186719999997,0.1455837488
k,531406.0,-52.66094589,-3.506320477,0.1461073607
k,531407.0,-52.46094513,-3.5064222810000003,0.1466309875
k,531408.0,-52.26094437,-3.506524086,0.1471546143
k,531409.0,-52.06094742,-3.506625891,0.14767822619999998
k,531410.0,-51.86094666,-3.5067274569999998,0.148201853
k,531411.0,-64.81393433,-4.978764057,4.467955112
k,531412.0,-64.61393738,-4.978865623,4.46847868
k,531413.0,-64.4139328,-4.978967667,4.469002247
k,531414.0,-64.21393585,-4.979069233,4.469525814
k,531415.0,-64.0139389,-4.979170798999999,4.470049381
k,531416.0,-63.81393814,-4.979272842,4.470572948
k,531417.0,-63.61393738,-4.979374409,4.471096516
k,531418.0,-63.41394043,-4.979476452,4.47162056
k,531419.0,-63.21393967,-4.979578018,4.472144127
k,531420.0,-63.0139389,-4.979679585,4.472667694
k,531421.0,-62.81394196,-4.9797816280000005,4.473191261
k,531422.0,-62.61394119,-4.979883194,4.473714828
k,531423.0,-62.41394424,-4.979985237,4.4742383960000005
k,531424.0,-62.21394348,-4.980086803,4.474761963
k,531425.0,-62.01394272,-4.98018837,4.47528553
k,531426.0,-61.81394577,-4.9802904130000005,4.475809097
k,531427.0,-61.61394501,-4.980391979,4.4763331410000005
k,531428.0,-61.41394424,-4.980494022,4.476856709
k,531429.0,-61.2139473,-4.980595589,4.477380276
k,531430.0,-61.01394653,-4.980697155,4.477903843
k,531431.0,-60.81394958,-4.980799198,4.47842741
k,531432.0,-60.61394882,-4.980900763999999,4.478950977
k,531433.0,-60.41394806,-4.981002808,4.479474545
k,531434.0,-60.21395111,-4.981104374,4.479998112
k,531435.0,-60.01395035,-4.98120594,4.480522156
k,531436.0,-59.813953399999995,-4.981307983,4.481045723
k,531437.0,-59.61395264,-4.98140955,4.48156929
k,531438.0,-59.41395187,-4.9815115930000005,4.482092857
k,531439.0,-59.21395493,-4.981613159,4.482616425
k,531440.0,-59.01395416,-4.981714725,4.483139992
k,531441.0,-58.81395721,-4.981816769,4.483663559
k,531442.0,-58.61395645,-4.981918335,4.484187126
k,531443.0,-58.41395569,-4.9820203780000005,4.484710693
k,531444.0,-58.21395874,-4.982121944,4.485234737
k,531445.0,-58.01395798,-4.982223511,4.485758305
k,531446.0,-57.81395721,-4.982325554,4.486281872
k,531447.0,-57.61396027,-4.98242712,4.486805438999999
k,531448.0,-57.4139595,-4.982529163,4.487329006
k,531449.0,-57.21396255,-4.98263073,4.4878525730000005
k,531450.0,-57.01396179,-4.982732296,4.488376141
k,531451.0,-56.81396103,-4.982834339,4.488899708
k,531452.0,-56.61396408,-4.982935905,4.489423275
k,531453.0,-56.41396332,-4.983037949,4.489947319
k,531454.0,-56.21396637,-4.983139515,4.490470886000001
k,531455.0,-56.01396561,-4.983241081,4.490994453
k,531456.0,-55.81396484,-4.983343124,4.491518021
k,531457.0,-55.6139679,-4.983444691,4.492041588
k,531458.0,-55.41396713,-4.983546734,4.492565155
k,531459.0,-55.21396637,-4.9836483,4.4930887219999995
k,531460.0,-55.01396942,-4.983749866,4.493612289
k,531461.0,-54.81396866,-4.98385191,4.494136333
k,531462.0,-54.61397171,-4.983953476,4.494659901
k,531463.0,-54.41397095,-4.984055519,4.4951834680000005
k,531464.0,-54.21397018,-4.984157085,4.495707035
k,531465.0,-54.01397324,-4.984258652,4.496230602
k,531466.0,-53.81397247,-4.984360695,4.496754169
k,531467.0,-53.61397552,-4.984462261,4.497277737
k,531468.0,-53.41397476,-4.984564304,4.497801303999999
k,531469.0,-53.213974,-4.984665871,4.498324871
k,531470.0,-53.01397705,-4.9847674369999995,4.498848915
k,531471.0,-52.81397629,-4.98486948,4.499372482
k,531472.0,-52.61397552,-4.984971046,4.499896049
k,531473.0,-52.41397858,-4.98507309,4.5004196169999995
k,531474.0,-52.21397781,-4.985174656,4.500943184
k,531475.0,-52.01398087,-4.9852762219999995,4.501466751000001
k,531476.0,-51.8139801,-4.985378265,4.501990318
k,531477.0,-64.815979,-4.914450645,4.278588772
k,531478.0,-64.81801605,-4.850137234,4.0892224310000005
k,531479.0,-64.82006073,-4.785823822,3.899855852
k,531480.0,-64.82210541,-4.72151041,3.710489511
k,531481.0,-64.82415009,-4.657197475,3.521123171
k,531482.0,-64.82618713,-4.592884064,3.33175683
k,531483.0,-64.82823181,-4.528570652,3.14239049
k,531484.0,-64.83027649,-4.46425724,2.9530241489999995
k,531485.0,-64.83232117,-4.399943829,2.763657808
k,531486.0,-64.83436584,-4.335630417,2.574291229
k,531487.0,-64.83640289,-4.271317005,2.384924889
k,531488.0,-64.83844757,-4.20700407,2.195558548
k,531489.0,-64.84049225,-4.142690658999999,2.006192207
k,531490.0,-64.84253693,-4.078377247,1.816825867
k,531491.0,-64.84457397,-4.014063835,1.627459526
k,531492.0,-64.84661865,-3.9497504230000002,1.438093185
k,531493.0,-64.84866333,-3.88543725,1.248726726
k,531494.0,-64.85070801,-3.821123838,1.059360385
k,531495.0,-64.85274506,-3.756810427,0.8699940443
k,531496.0,-64.85478973,-3.692497015,0.6806277037
k,531497.0,-64.85683441,-3.628183842,0.4912613034
k,531498.0,-51.81602478,-4.921064854,4.312623978
k,531499.0,-51.81806564,-4.856751442,4.123257637
k,531500.0,-51.82011032,-4.79243803,3.933891296
k,531501.0,-51.82215118,-4.728124619,3.7445249560000002
k,531502.0,-51.82419586,-4.663811684,3.555158615
k,531503.0,-51.82623672,-4.599498272,3.365792274
k,531504.0,-51.8282814,-4.53518486,3.1764259339999996
k,531505.0,-51.83032227,-4.470871449,2.987059593
k,531506.0,-51.83236694,-4.406558037,2.7976932530000003
k,531507.0,-51.83440781,-4.342244625,2.608326674
k,531508.0,-51.83645248,-4.2779312130000005,2.4189603330000002
k,531509.0,-51.83849335,-4.213618278999999,2.229593992
k,531510.0,-51.84053802,-4.149304867,2.040227652
k,531511.0,-51.84257889,-4.084991455,1.8508613109999998
k,531512.0,-51.84462357,-4.020678043,1.66149497
k,531513.0,-51.84666443,-3.9563646319999997,1.47212863
k,531514.0,-51.84870911,-3.892051458,1.28276217
k,531515.0,-51.85074997,-3.827738047,1.093395829
k,531516.0,-51.85279465,-3.763424635,0.9040294886
k,531517.0,-51.85483551,-3.699111223,0.7146630883
k,531518.0,-51.85688019,-3.63479805,0.5252967477
