A,531,531324,532
A,531,531353,531324
A,531353,531303,531324
A,531303,531304,531324
A,531304,531325,531324
A,531325,532,531324
A,531325,533,532
A,533,5324,532
A,5324,5323,532
A,5323,531,532
A,5323,5322,531
A,5322,531354,531
A,531354,531353,531
A,5322,531355,531354
A,5322,531356,531355
A,5322,5343,531356
A,5343,531357,531356
A,5343,5364,531357
A,5364,531358,531357
A,5364,5385,531358
A,5385,531359,531358
A,5385,53106,531359
A,53106,531360,531359
A,53106,53127,531360
A,53127,531361,531360
A,53127,53148,531361
A,53148,531362,531361
A,53148,53169,531362
A,53169,531363,531362
A,53169,53190,531363
A,53190,531364,531363
A,53190,53211,531364
A,53211,53232,531364
A,53232,531365,531364
A,53232,531366,531365
A,53232,53253,531366
A,53253,531367,531366
A,53253,53274,531367
A,53274,531368,531367
A,53274,53295,531368
A,53295,53316,531368
A,53316,531369,531368
A,53316,531370,531369
A,53316,53337,531370
A,53337,531371,531370
A,53337,53358,531371
A,53358,531372,531371
A,53358,53379,531372
A,53379,531373,531372
A,53379,53400,531373
A,53400,531374,531373
A,53400,53442,531374
A,53442,531375,531374
A,53442,53463,531375
A,53463,53484,531375
A,53484,531376,531375
A,53484,53505,531376
A,53505,531377,531376
A,53505,53526,531377
A,53526,531378,531377
A,53526,531379,531378
A,53526,53547,531379
A,53547,53568,531379
A,53568,531380,531379
A,53568,531381,531380
A,53568,53589,531381
A,53589,531382,531381
A,53589,53610,531382
A,53610,53631,531382
A,53631,531383,531382
A,53631,531384,531383
A,53631,53673,531384
A,53673,531385,531384
A,53673,53694,531385
A,53694,53715,531385
A,53715,531386,531385
A,53715,53736,531386
A,53736,531387,531386
A,53736,531388,531387
A,53736,53757,531388
A,53757,53778,531388
A,53778,531389,531388
A,53778,53799,531389
A,53799,531390,531389
A,53799,531391,531390
A,53799,53820,531391
A,53820,531392,531391
A,53820,53841,531392
A,53841,53862,531392
A,53862,531393,531392
A,53862,531394,531393
A,53862,53904,531394
A,53904,531395,531394
A,53904,53925,531395
A,53925,531396,531395
A,53925,53946,531396
A,53946,53967,531396
A,53967,531397,531396
A,53967,531398,531397
A,53967,53988,531398
A,53988,531399,531398
A,53988,531009,531399
A,531009,531030,531399
A,531030,531400,531399
A,531030,531401,531400
A,531030,531051,531401
A,531051,531402,531401
A,531051,531072,531402
A,531072,531403,531402
A,531072,531093,531403
A,531093,531404,531403
A,531093,531135,531404
A,531135,531156,531404
A,531156,531405,531404
A,531156,531406,531405
A,531156,531177,531406
A,531177,531407,531406
A,531177,531198,531407
A,531198,531408,531407
A,531198,531219,531408
A,531219,531240,531408
A,531240,531409,531408
A,531240,531410,531409
A,531219,531220,531240
A,531220,531241,531240
A,531241,531518,531240
A,531241,531517,531518
A,531241,531242,531517
A,531242,531516,531517
A,531242,531243,531516
A,531243,531515,531516
A,531243,531244,531515
A,531244,531514,531515
A,531244,531245,531514
A,531245,531513,531514
A,531245,531512,531513
A,531245,531246,531512
A,531246,531511,531512
A,531246,531247,531511
A,531247,531510,531511
A,531247,531248,531510
A,531248,531509,531510
A,531248,531249,531509
A,531249,531508,531509
A,531249,531250,531508
A,531250,531507,531508
A,531250,531251,531507
A,531251,531506,531507
A,531251,531252,531506
A,531252,531505,531506
A,531252,531253,531505
A,531253,531504,531505
A,531253,531254,531504
A,531254,531503,531504
A,531254,531255,531503
A,531255,531502,531503
A,531255,531256,531502
A,531256,531501,531502
A,531256,531257,531501
A,531257,531500,531501
A,531257,531258,531500
A,531258,531499,531500
A,531258,531259,531499
A,531259,531498,531499
A,531259,531260,531498
A,531260,531475,531498
A,531475,531476,531498
A,531260,531474,531475
A,531260,531239,531474
A,531239,531473,531474
A,531239,531218,531473
A,531218,531472,531473
A,531218,531197,531472
A,531197,531471,531472
A,531197,531176,531471
A,531176,531470,531471
A,531176,531155,531470
A,531155,531469,531470
A,531155,531154,531469
A,531154,531112,531469
A,531112,531113,531469
A,531113,531469,531468
A,531468,531092,531113
A,531468,531467,531092
A,531467,531092,531070
A,531092,531091,531070
A,531091,531090,531070
A,531090,531069,531070
A,531069,531049,531070
A,531049,531050,531070
A,531050,531071,531070
A,531071,531467,531070
A,531071,531466,531467
A,531071,531050,531466
A,531050,531465,531466
A,531050,531029,531465
A,531029,531464,531465
A,531029,531008,531464
A,531008,531463,531464
A,531008,53987,531463
A,53987,531462,531463
A,53987,53966,531462
A,53966,531461,531462
A,53966,53945,531461
A,53945,531460,531461
A,53945,53924,531460
A,53924,531459,531460
A,53924,53882,531459
A,53882,531458,531459
A,53882,53861,531458
A,53861,531457,531458
A,53861,53840,531457
A,53840,531456,531457
A,53840,53819,531456
A,53819,531455,531456
A,53819,53798,531455
A,53798,531454,531455
A,53798,53777,531454
A,53777,531453,531454
A,53777,53756,531453
A,53756,531452,531453
A,53756,53735,531452
A,53735,531451,531452
A,53735,53714,531451
A,53714,531450,531451
A,53714,53693,531450
A,53693,531449,531450
A,53693,53651,531449
A,53651,531448,531449
A,53651,53630,531448
A,53630,531447,531448
A,53630,53609,531447
A,53609,531446,531447
A,53609,53588,531446
A,53588,531445,531446
A,53588,53567,531445
A,53567,531444,531445
A,53567,53546,531444
A,53546,531443,531444
A,53546,53525,531443
A,53525,531442,531443
A,53525,53504,531442
A,53504,531441,531442
A,53504,53483,531441
A,53483,531440,531441
A,53483,53462,531440
A,53462,531439,531440
A,53462,53420,531439
A,53420,531438,531439
A,53420,53399,531438
A,53399,531437,531438
A,53399,53378,531437
A,53378,531436,531437
A,53378,53357,531436
A,53357,531435,531436
A,53357,53336,531435
A,53336,531434,531435
A,53336,53315,531434
A,53315,531433,531434
A,53315,53294,531433
A,53294,531432,531433
A,53294,53273,531432
A,53273,531431,531432
A,53273,53252,531431
A,53252,531430,531431
A,53252,53231,531430
A,53231,531429,531430
A,53231,53210,531429
A,53210,531428,531429
A,53210,53189,531428
A,53189,531427,531428
A,53189,53168,531427
A,53168,531426,531427
A,53168,53147,531426
A,53147,531425,531426
A,53147,53126,531425
A,53126,531424,531425
A,53126,53105,531424
A,53105,531423,531424
A,53105,5384,531423
A,5384,531422,531423
A,5384,5363,531422
A,5363,531421,531422
A,5363,5342,531421
A,5342,531420,531421
A,5342,5321,531420
A,5321,531419,531420
A,5321,531344,531419
A,531344,531418,531419
A,531344,531323,531418
A,531323,531417,531418
A,531323,531302,531417
A,531302,531416,531417
A,531302,531281,531416
A,531281,531415,531416
A,531281,531134,531415
A,531134,531414,531415
A,531134,53903,531414
A,53903,531413,531414
A,53903,53672,531413
A,53672,531412,531413
A,53672,53441,531412
A,53441,531411,531412
A,53441,531477,531411
A,53441,53440,531477
A,53440,531478,531477
A,53440,53439,531478
A,53439,531479,531478
A,53439,53438,531479
A,53438,531480,531479
A,53438,53437,531480
A,53437,531481,531480
A,53437,53436,531481
A,53436,531482,531481
A,53436,53435,531482
A,53435,531483,531482
A,53435,53434,531483
A,53434,531484,531483
A,53434,53433,531484
A,53433,531485,531484
A,53433,531486,531485
A,53433,53432,531486
A,53432,531487,531486
A,53432,53431,531487
A,53431,531488,531487
A,53431,53430,531488
A,53430,531489,531488
A,53430,53429,531489
A,53429,531490,531489
A,53429,53428,531490
A,53428,531491,531490
A,53428,53427,531491
A,53427,531492,531491
A,53427,53426,531492
A,53426,531493,531492
A,53426,53425,531493
A,53425,531494,531493
A,53425,53424,531494
A,53424,531495,531494
A,53424,53423,531495
A,53423,531496,531495
A,53423,53422,531496
A,53422,531497,531496
A,53422,53421,531497
A,53421,531345,531497
A,53421,531346,531345
A,53421,531347,531346
A,53421,53652,531347
A,53652,531348,531347
A,53652,53883,531348
A,53883,531349,531348
A,53883,531114,531349
A,531114,531261,531349
A,531261,531350,531349
A,531261,531282,531350
A,531282,531351,531350
A,531282,531352,531351
A,531282,531303,531352
A,531303,531353,531352
A,531282,531283,531303
A,531283,531304,531303
A,531283,531284,531304
A,531284,531305,531304
A,531305,531325,531304
A,531305,531326,531325
A,531326,533,531325
A,531326,531327,533
A,531327,534,533
A,534,5325,533
A,5325,5324,533
A,5325,5346,5324
A,5346,5345,5324
A,5345,5323,5324
A,5345,5344,5323
A,5344,5322,5323
A,5344,5343,5322
A,5344,5364,5343
A,5344,5365,5364
A,5365,5385,5364
A,5365,5386,5385
A,5386,53106,5385
A,5386,53107,53106
A,53107,53128,53106
A,53128,53127,53106
A,53128,53148,53127
A,53128,53149,53148
A,53149,53169,53148
A,53149,53170,53169
A,53170,53190,53169
A,53170,53191,53190
A,53191,53211,53190
A,53191,53212,53211
A,53212,53233,53211
A,53233,53232,53211
A,53233,53254,53232
A,53254,53253,53232
A,53254,53275,53253
A,53275,53274,53253
A,53275,53295,53274
A,53275,53296,53295
A,53296,53317,53295
A,53317,53316,53295
A,53317,53338,53316
A,53338,53337,53316
A,53338,53359,53337
A,53359,53358,53337
A,53359,53379,53358
A,53359,53380,53379
A,53380,53400,53379
A,53380,53401,53400
A,53401,53443,53400
A,53443,53442,53400
A,53443,53464,53442
A,53464,53463,53442
A,53464,53485,53463
A,53485,53484,53463
A,53485,53506,53484
A,53506,53505,53484
A,53506,53527,53505
A,53527,53526,53505
A,53527,53547,53526
A,53527,53548,53547
A,53548,53569,53547
A,53569,53568,53547
A,53569,53589,53568
A,53569,53590,53589
A,53590,53610,53589
A,53590,53611,53610
A,53611,53632,53610
A,53632,53631,53610
A,53632,53673,53631
A,53632,53674,53673
A,53674,53694,53673
A,53674,53695,53694
A,53695,53716,53694
A,53716,53715,53694
A,53716,53737,53715
A,53737,53736,53715
A,53737,53757,53736
A,53737,53758,53757
A,53758,53779,53757
A,53779,53778,53757
A,53779,53800,53778
A,53800,53799,53778
A,53800,53820,53799
A,53800,53821,53820
A,53821,53842,53820
A,53842,53841,53820
A,53842,53863,53841
A,53863,53862,53841
A,53863,53905,53862
A,53905,53904,53862
A,53905,53925,53904
A,53905,53926,53925
A,53926,53946,53925
A,53926,53947,53946
A,53947,53968,53946
A,53968,53967,53946
A,53968,53989,53967
A,53989,53988,53967
A,53989,531009,53988
A,53989,531010,531009
A,531010,531031,531009
A,531031,531030,531009
A,531031,531051,531030
A,531031,531052,531051
A,531052,531073,531051
A,531073,531072,531051
A,531073,531093,531072
A,531073,531094,531093
A,531094,531135,531093
A,531094,531136,531135
A,531136,531157,531135
A,531157,531156,531135
A,531157,531177,531156
A,531157,531178,531177
A,531178,531198,531177
A,531178,531199,531198
A,531199,531220,531198
A,531220,531219,531198
A,531199,531221,531220
A,531221,531241,531220
A,531221,531242,531241
A,531221,531222,531242
A,531222,531243,531242
A,531222,531223,531243
A,531223,531244,531243
A,531223,531224,531244
A,531224,531245,531244
A,531224,531225,531245
A,531225,531246,531245
A,531225,531226,531246
A,531226,531247,531246
A,531226,531227,531247
A,531227,531248,531247
A,531227,531228,531248
A,531228,531249,531248
A,531228,531250,531249
A,531228,531229,531250
A,531229,531230,531250
A,531230,531251,531250
A,531230,531231,531251
A,531231,531252,531251
A,531231,531253,531252
A,531231,531232,531253
A,531232,531233,531253
A,531233,531254,531253
A,531233,531234,531254
A,531234,531255,531254
A,531234,531235,531255
A,531235,531256,531255
A,531235,531236,531256
A,531236,531257,531256
A,531236,531237,531257
A,531237,531258,531257
A,531237,531238,531258
A,531238,531259,531258
A,531238,531239,531259
A,531239,531260,531259
A,531238,531217,531239
A,531217,531218,531239
A,531217,531197,531218
A,531217,531196,531197
A,531196,531175,531197
A,531175,531176,531197
A,531175,531154,531176
A,531154,531155,531176
A,531175,531153,531154
A,531153,531111,531154
A,531111,531112,531154
A,531111,531090,531112
A,531090,531091,531112
A,531091,531092,531112
A,531111,531089,531090
A,531089,531068,531090
A,531068,531069,531090
A,531068,531048,531069
A,531048,531049,531069
A,531048,531027,531049
A,531027,531028,531049
A,531028,531050,531049
A,531028,531029,531050
A,531028,531008,531029
A,531028,531007,531008
A,531007,53986,531008
A,53986,53987,531008
A,53986,53965,53987
A,53965,53966,53987
A,53965,53944,53966
A,53944,53945,53966
A,53944,53924,53945
A,53944,53923,53924
A,53923,53881,53924
A,53881,53882,53924
A,53881,53860,53882
A,53860,53861,53882
A,53860,53839,53861
A,53839,53840,53861
A,53839,53819,53840
A,53839,53818,53819
A,53818,53797,53819
A,53797,53798,53819
A,53797,53776,53798
A,53776,53777,53798
A,53776,53756,53777
A,53776,53755,53756
A,53755,53734,53756
A,53734,53735,53756
A,53734,53713,53735
A,53713,53714,53735
A,53713,53693,53714
A,53713,53692,53693
A,53692,53650,53693
A,53650,53651,53693
A,53650,53630,53651
A,53650,53629,53630
A,53629,53609,53630
A,53629,53608,53609
A,53608,53588,53609
A,53608,53587,53588
A,53587,53566,53588
A,53566,53567,53588
A,53566,53546,53567
A,53566,53545,53546
A,53545,53524,53546
A,53524,53525,53546
A,53524,53503,53525
A,53503,53504,53525
A,53503,53483,53504
A,53503,53482,53483
A,53482,53461,53483
A,53461,53462,53483
A,53461,53419,53462
A,53419,53420,53462
A,53419,53399,53420
A,53419,53398,53399
A,53398,53378,53399
A,53398,53377,53378
A,53377,53356,53378
A,53356,53357,53378
A,53356,53336,53357
A,53356,53335,53336
A,53335,53314,53336
A,53314,53315,53336
A,53314,53294,53315
A,53314,53293,53294
A,53293,53272,53294
A,53272,53273,53294
A,53272,53251,53273
A,53251,53252,53273
A,53251,53230,53252
A,53230,53231,53252
A,53230,53209,53231
A,53209,53210,53231
A,53209,53189,53210
A,53209,53188,53189
A,53188,53168,53189
A,53188,53167,53168
A,53167,53147,53168
A,53167,53146,53147
A,53146,53125,53147
A,53125,53126,53147
A,53125,53104,53126
A,53104,53105,53126
A,53104,5384,53105
A,53104,5383,5384
A,5383,5363,5384
A,5383,5362,5363
A,5362,5341,5363
A,5341,5342,5363
A,5341,5320,5342
A,5320,5321,5342
A,5320,531344,5321
A,5320,531343,531344
A,531343,531323,531344
A,531343,531322,531323
A,531322,531301,531323
A,531301,531302,531323
A,531301,531281,531302
A,531301,531280,531281
A,531280,531133,531281
A,531133,531134,531281
A,531133,53903,531134
A,531133,53902,53903
A,53902,53671,53903
A,53671,53672,53903
A,53671,53441,53672
A,53671,53440,53441
A,53671,53670,53440
A,53670,53439,53440
A,53670,53669,53439
A,53669,53438,53439
A,53669,53668,53438
A,53668,53437,53438
A,53668,53667,53437
A,53667,53436,53437
A,53667,53666,53436
A,53666,53435,53436
A,53666,53665,53435
A,53665,53434,53435
A,53665,53664,53434
A,53664,53433,53434
A,53664,53663,53433
A,53663,53432,53433
A,53663,53662,53432
A,53662,53431,53432
A,53662,53661,53431
A,53661,53430,53431
A,53661,53660,53430
A,53660,53429,53430
A,53660,53659,53429
A,53659,53428,53429
A,53659,53658,53428
A,53658,53427,53428
A,53658,53657,53427
A,53657,53426,53427
A,53657,53656,53426
A,53656,53425,53426
A,53656,53655,53425
A,53655,53424,53425
A,53655,53654,53424
A,53654,53423,53424
A,53654,53653,53423
A,53653,53422,53423
A,53653,53652,53422
A,53652,53421,53422
A,53653,53883,53652
A,53653,53884,53883
A,53884,531114,53883
A,53884,531115,531114
A,531115,531262,531114
A,531262,531261,531114
A,531262,531282,531261
A,531262,531283,531282
A,531262,531263,531283
A,531263,531284,531283
A,531263,531264,531284
A,531264,531285,531284
A,531285,531306,531284
A,531306,531305,531284
A,531306,531326,531305
A,531306,531327,531326
A,531306,531307,531327
A,531307,531328,531327
A,531328,534,531327
A,531328,535,534
A,535,5326,534
A,5326,5325,534
A,5326,5347,5325
A,5347,5346,5325
A,5347,5368,5346
A,5368,5367,5346
A,5367,5345,5346
A,5367,5366,5345
A,5366,5344,5345
A,5366,5365,5344
A,5366,5386,5365
A,5366,5387,5386
A,5387,53108,5386
A,53108,53107,5386
A,53108,53129,53107
A,53129,53128,53107
A,53129,53150,53128
A,53150,53149,53128
A,53150,53170,53149
A,53150,53171,53170
A,53171,53191,53170
A,53171,53192,53191
A,53192,53213,53191
A,53213,53212,53191
A,53213,53234,53212
A,53234,53233,53212
A,53234,53254,53233
A,53234,53255,53254
A,53255,53275,53254
A,53255,53276,53275
A,53276,53296,53275
A,53276,53297,53296
A,53297,53318,53296
A,53318,53317,53296
A,53318,53339,53317
A,53339,53338,53317
A,53339,53359,53338
A,53339,53360,53359
A,53360,53380,53359
A,53360,53381,53380
A,53381,53401,53380
A,53381,53402,53401
A,53402,53443,53401
A,53402,53444,53443
A,53444,53465,53443
A,53465,53464,53443
A,53465,53485,53464
A,53465,53486,53485
A,53486,53507,53485
A,53507,53506,53485
A,53507,53528,53506
A,53528,53527,53506
A,53528,53548,53527
A,53528,53549,53548
A,53549,53569,53548
A,53549,53570,53569
A,53570,53591,53569
A,53591,53590,53569
A,53591,53611,53590
A,53591,53612,53611
A,53612,53633,53611
A,53633,53632,53611
A,53633,53674,53632
A,53633,53675,53674
A,53675,53695,53674
A,53675,53696,53695
A,53696,53717,53695
A,53717,53716,53695
A,53717,53738,53716
A,53738,53737,53716
A,53738,53758,53737
A,53738,53759,53758
A,53759,53779,53758
A,53759,53780,53779
A,53780,53801,53779
A,53801,53800,53779
A,53801,53822,53800
A,53822,53821,53800
A,53822,53843,53821
A,53843,53842,53821
A,53843,53864,53842
A,53864,53863,53842
A,53864,53906,53863
A,53906,53905,53863
A,53906,53926,53905
A,53906,53927,53926
A,53927,53947,53926
A,53927,53948,53947
A,53948,53969,53947
A,53969,53968,53947
A,53969,53989,53968
A,53969,53990,53989
A,53990,531010,53989
A,53990,531011,531010
A,531011,531032,531010
A,531032,531031,531010
A,531032,531052,531031
A,531032,531053,531052
A,531053,531074,531052
A,531074,531073,531052
A,531074,531095,531073
A,531095,531094,531073
A,531095,531137,531094
A,531137,531136,531094
A,531137,531158,531136
A,531158,531157,531136
A,531158,531179,531157
A,531179,531178,531157
A,531179,531199,531178
A,531179,531200,531199
A,531200,531221,531199
A,531200,531222,531221
A,531200,531201,531222
A,531201,531223,531222
A,531201,531202,531223
A,531202,531224,531223
A,531202,531203,531224
A,531203,531225,531224
A,531203,531204,531225
A,531204,531226,531225
A,531204,531205,531226
A,531205,531227,531226
A,531205,531206,531227
A,531206,531228,531227
A,531206,531207,531228
A,531207,531229,531228
A,531207,531208,531229
A,531208,531230,531229
A,531208,531209,531230
A,531209,531231,531230
A,531209,531210,531231
A,531210,531232,531231
A,531210,531211,531232
A,531211,531233,531232
A,531211,531212,531233
A,531212,531234,531233
A,531212,531213,531234
A,531213,531235,531234
A,531213,531214,531235
A,531214,531236,531235
A,531214,531215,531236
A,531215,531237,531236
A,531215,531216,531237
A,531216,531238,531237
A,531216,531217,531238
A,531216,531196,531217
A,531216,531195,531196
A,531195,531175,531196
A,531195,531174,531175
A,531174,531153,531175
A,531174,531152,531153
A,531152,531110,531153
A,531110,531111,531153
A,531110,531089,531111
A,531110,531109,531089
A,531109,531088,531089
A,531088,531067,531089
A,531067,531068,531089
A,531067,531047,531068
A,531047,531048,531068
A,531047,531026,531048
A,531026,531027,531048
A,531026,531006,531027
A,531006,531007,531027
A,531007,531028,531027
A,531006,53986,531007
A,531006,53985,53986
A,53985,53964,53986
A,53964,53965,53986
A,53964,53944,53965
A,53964,53943,53944
A,53943,53923,53944
A,53943,53922,53923
A,53922,53880,53923
A,53880,53881,53923
A,53880,53859,53881
A,53859,53860,53881
A,53859,53838,53860
A,53838,53839,53860
A,53838,53817,53839
A,53817,53818,53839
A,53817,53797,53818
A,53817,53796,53797
A,53796,53775,53797
A,53775,53776,53797
A,53775,53755,53776
A,53775,53754,53755
A,53754,53733,53755
A,53733,53734,53755
A,53733,53712,53734
A,53712,53713,53734
A,53712,53692,53713
A,53712,53691,53692
A,53691,53649,53692
A,53649,53650,53692
A,53649,53628,53650
A,53628,53629,53650
A,53628,53608,53629
A,53628,53607,53608
A,53607,53587,53608
A,53607,53586,53587
A,53586,53565,53587
A,53565,53566,53587
A,53565,53544,53566
A,53544,53545,53566
A,53544,53523,53545
A,53523,53524,53545
A,53523,53502,53524
A,53502,53503,53524
A,53502,53481,53503
A,53481,53482,53503
A,53481,53460,53482
A,53460,53461,53482
A,53460,53419,53461
A,53460,53418,53419
A,53418,53398,53419
A,53418,53397,53398
A,53397,53377,53398
A,53397,53376,53377
A,53376,53356,53377
A,53376,53355,53356
A,53355,53335,53356
A,53355,53334,53335
A,53334,53313,53335
A,53313,53314,53335
A,53313,53293,53314
A,53313,53292,53293
A,53292,53272,53293
A,53292,53271,53272
A,53271,53250,53272
A,53250,53251,53272
A,53250,53229,53251
A,53229,53230,53251
A,53229,53208,53230
A,53208,53209,53230
A,53208,53188,53209
A,53208,53187,53188
A,53187,53167,53188
A,53187,53166,53167
A,53166,53145,53167
A,53145,53146,53167
A,53145,53125,53146
A,53145,53124,53125
A,53124,53103,53125
A,53103,53104,53125
A,53103,5383,53104
A,53103,5382,5383
A,5382,5362,5383
A,5382,5361,5362
A,5361,5340,5362
A,5340,5341,5362
A,5340,5319,5341
A,5319,5320,5341
A,5319,531342,5320
A,531342,531343,5320
A,531342,531322,531343
A,531342,531321,531322
A,531321,531300,531322
A,531300,531301,531322
A,531300,531280,531301
A,531300,531279,531280
A,531279,531132,531280
A,531132,531133,531280
A,531132,53902,531133
A,531132,53901,53902
A,53901,53670,53902
A,53670,53671,53902
A,53901,53669,53670
A,53901,53900,53669
A,53900,53899,53669
A,53899,53668,53669
A,53899,53667,53668
A,53899,53898,53667
A,53898,53666,53667
A,53898,53897,53666
A,53897,53896,53666
A,53896,53665,53666
A,53897,531128,53896
A,531128,531127,53896
A,531127,53895,53896
A,531127,531126,53895
A,531126,531125,53895
A,531125,53894,53895
A,53894,53664,53895
A,53894,53663,53664
A,53894,53893,53663
A,53893,53662,53663
A,53893,53892,53662
A,53892,53661,53662
A,53892,53660,53661
A,53892,53891,53660
A,53891,53659,53660
A,53891,53890,53659
A,53890,53658,53659
A,53890,53889,53658
A,53889,53657,53658
A,53889,53888,53657
A,53888,53887,53657
A,53887,53656,53657
A,53887,53655,53656
A,53887,53886,53655
A,53886,53654,53655
A,53886,53885,53654
A,53885,53884,53654
A,53884,53653,53654
A,53885,531115,53884
A,53885,531116,531115
A,531116,531263,531115
A,531263,531262,531115
A,531116,531264,531263
A,531116,531117,531264
A,531117,531265,531264
A,531265,531285,531264
A,531265,531286,531285
A,531286,531307,531285
A,531307,531306,531285
A,531286,531308,531307
A,531308,531328,531307
A,531308,531329,531328
A,531329,535,531328
A,531329,536,535
A,536,5327,535
A,5327,5326,535
A,5327,5347,5326
A,5327,5348,5347
A,5348,5369,5347
A,5369,5368,5347
A,5369,5390,5368
A,5390,5389,5368
A,5389,5388,5368
A,5388,5367,5368
A,5388,5387,5367
A,5387,5366,5367
A,5388,53109,5387
A,53109,53108,5387
A,53109,53129,53108
A,53109,53130,53129
A,53130,53150,53129
A,53130,53151,53150
A,53151,53171,53150
A,53151,53172,53171
A,53172,53192,53171
A,53172,53193,53192
A,53193,53214,53192
A,53214,53213,53192
A,53214,53234,53213
A,53214,53235,53234
A,53235,53256,53234
A,53256,53255,53234
A,53256,53277,53255
A,53277,53276,53255
A,53277,53297,53276
A,53277,53298,53297
A,53298,53319,53297
A,53319,53318,53297
A,53319,53339,53318
A,53319,53340,53339
A,53340,53360,53339
A,53340,53361,53360
A,53361,53381,53360
A,53361,53382,53381
A,53382,53402,53381
A,53382,53403,53402
A,53403,53445,53402
A,53445,53444,53402
A,53445,53466,53444
A,53466,53465,53444
A,53466,53487,53465
A,53487,53486,53465
A,53487,53508,53486
A,53508,53507,53486
A,53508,53529,53507
A,53529,53528,53507
A,53529,53550,53528
A,53550,53549,53528
A,53550,53570,53549
A,53550,53571,53570
A,53571,53592,53570
A,53592,53591,53570
A,53592,53612,53591
A,53592,53613,53612
A,53613,53634,53612
A,53634,53633,53612
A,53634,53675,53633
A,53634,53676,53675
A,53676,53696,53675
A,53676,53697,53696
A,53697,53718,53696
A,53718,53717,53696
A,53718,53739,53717
A,53739,53738,53717
A,53739,53759,53738
A,53739,53760,53759
A,53760,53780,53759
A,53760,53781,53780
A,53781,53801,53780
A,53781,53802,53801
A,53802,53823,53801
A,53823,53822,53801
A,53823,53844,53822
A,53844,53843,53822
A,53844,53865,53843
A,53865,53864,53843
A,53865,53907,53864
A,53907,53906,53864
A,53907,53927,53906
A,53907,53928,53927
A,53928,53949,53927
A,53949,53948,53927
A,53949,53970,53948
A,53970,53969,53948
A,53970,53990,53969
A,53970,53991,53990
A,53991,531011,53990
A,53991,531012,531011
A,531012,531033,531011
A,531033,531032,531011
A,531033,531053,531032
A,531033,531054,531053
A,531054,531075,531053
A,531075,531074,531053
A,531075,531096,531074
A,531096,531095,531074
A,531096,531137,531095
A,531096,531138,531137
A,531138,531159,531137
A,531159,531158,531137
A,531159,531180,531158
A,531180,531179,531158
A,531180,531200,531179
A,531180,531201,531200
A,531180,531181,531201
A,531181,531202,531201
A,531181,531182,531202
A,531182,531203,531202
A,531182,531183,531203
A,531183,531204,531203
A,531183,531184,531204
A,531184,531205,531204
A,531184,531185,531205
A,531185,531206,531205
A,531185,531186,531206
A,531186,531207,531206
A,531186,531187,531207
A,531187,531208,531207
A,531187,531188,531208
A,531188,531209,531208
A,531188,531189,531209
A,531189,531210,531209
A,531189,531190,531210
A,531190,531211,531210
A,531190,531191,531211
A,531191,531212,531211
A,531191,531192,531212
A,531192,531213,531212
A,531192,531193,531213
A,531193,531214,531213
A,531193,531194,531214
A,531194,531215,531214
A,531194,531195,531215
A,531195,531216,531215
A,531194,531173,531195
A,531173,531174,531195
A,531173,531152,531174
A,531173,531151,531152
A,531151,531109,531152
A,531109,531110,531152
A,531151,531150,531109
A,531150,531108,531109
A,531108,531088,531109
A,531108,531087,531088
A,531087,531066,531088
A,531066,531067,531088
A,531066,531046,531067
A,531046,531047,531067
A,531046,531025,531047
A,531025,531026,531047
A,531025,531005,531026
A,531005,531006,531026
A,531005,53984,531006
A,53984,53985,531006
A,53984,53963,53985
A,53963,53964,53985
A,53963,53943,53964
A,53963,53942,53943
A,53942,53922,53943
A,53942,53921,53922
A,53921,53879,53922
A,53879,53880,53922
A,53879,53858,53880
A,53858,53859,53880
A,53858,53837,53859
A,53837,53838,53859
A,53837,53817,53838
A,53837,53816,53817
A,53816,53796,53817
A,53816,53795,53796
A,53795,53775,53796
A,53795,53774,53775
A,53774,53754,53775
A,53774,53753,53754
A,53753,53732,53754
A,53732,53733,53754
A,53732,53712,53733
A,53732,53711,53712
A,53711,53691,53712
A,53711,53690,53691
A,53690,53649,53691
A,53690,53648,53649
A,53648,53628,53649
A,53648,53627,53628
A,53627,53607,53628
A,53627,53606,53607
A,53606,53585,53607
A,53585,53586,53607
A,53585,53565,53586
A,53585,53564,53565
A,53564,53543,53565
A,53543,53544,53565
A,53543,53522,53544
A,53522,53523,53544
A,53522,53501,53523
A,53501,53502,53523
A,53501,53481,53502
A,53501,53480,53481
A,53480,53459,53481
A,53459,53460,53481
A,53459,53417,53460
A,53417,53418,53460
A,53417,53397,53418
A,53417,53396,53397
A,53396,53376,53397
A,53396,53375,53376
A,53375,53354,53376
A,53354,53355,53376
A,53354,53333,53355
A,53333,53334,53355
A,53333,53312,53334
A,53312,53313,53334
A,53312,53292,53313
A,53312,53291,53292
A,53291,53270,53292
A,53270,53271,53292
A,53270,53250,53271
A,53270,53249,53250
A,53249,53229,53250
A,53249,53228,53229
A,53228,53208,53229
A,53228,53207,53208
A,53207,53187,53208
A,53207,53186,53187
A,53186,53165,53187
A,53165,53166,53187
A,53165,53144,53166
A,53144,53145,53166
A,53144,53124,53145
A,53144,53123,53124
A,53123,53102,53124
A,53102,53103,53124
A,53102,5382,53103
A,53102,5381,5382
A,5381,5361,5382
A,5381,5360,5361
A,5360,5340,5361
A,5360,5339,5340
A,5339,5318,5340
A,5318,5319,5340
A,5318,531342,5319
A,5318,531341,531342
A,531341,531321,531342
A,531341,531320,531321
A,531320,531299,531321
A,531299,531300,531321
A,531299,531278,531300
A,531278,531279,531300
A,531278,531131,531279
A,531131,531132,531279
A,531131,53901,531132
A,531131,53900,53901
A,531131,53899,53900
A,531131,531130,53899
A,531130,53898,53899
A,531130,531129,53898
A,531129,53897,53898
A,531129,531128,53897
A,531129,531276,531128
A,531276,531275,531128
A,531275,531127,531128
A,531275,531274,531127
A,531274,531126,531127
A,531274,531273,531126
A,531273,531125,531126
A,531273,531272,531125
A,531272,531124,531125
A,531124,53893,531125
A,53893,53894,531125
A,531124,53892,53893
A,531124,531123,53892
A,531123,53891,53892
A,531123,531122,53891
A,531122,531121,53891
A,531121,53890,53891
A,531121,531120,53890
A,531120,53889,53890
A,531120,53888,53889
A,531120,531119,53888
A,531119,53887,53888
A,531119,531118,53887
A,531118,53886,53887
A,531118,531117,53886
A,531117,531116,53886
A,531116,53885,53886
A,531118,531265,531117
A,531118,531266,531265
A,531266,531286,531265
A,531266,531287,531286
A,531287,531308,531286
A,531287,531288,531308
A,531288,531309,531308
A,531309,531329,531308
A,531309,531330,531329
A,531330,536,531329
A,531330,537,536
A,537,5328,536
A,5328,5327,536
A,5328,5349,5327
A,5349,5348,5327
A,5349,5370,5348
A,5370,5369,5348
A,5370,5391,5369
A,5391,5390,5369
A,5391,53111,5390
A,53111,5389,5390
A,53111,53110,5389
A,53110,5388,5389
A,53110,53109,5388
A,53110,53131,53109
A,53131,53130,53109
A,53131,53152,53130
A,53152,53151,53130
A,53152,53173,53151
A,53173,53172,53151
A,53173,53193,53172
A,53173,53194,53193
A,53194,53214,53193
A,53194,53215,53214
A,53215,53235,53214
A,53215,53236,53235
A,53236,53257,53235
A,53257,53256,53235
A,53257,53277,53256
A,53257,53278,53277
A,53278,53298,53277
A,53278,53299,53298
A,53299,53320,53298
A,53320,53319,53298
A,53320,53341,53319
A,53341,53340,53319
A,53341,53361,53340
A,53341,53362,53361
A,53362,53382,53361
A,53362,53383,53382
A,53383,53403,53382
A,53383,53404,53403
A,53404,53446,53403
A,53446,53445,53403
A,53446,53467,53445
A,53467,53466,53445
A,53467,53487,53466
A,53467,53488,53487
A,53488,53509,53487
A,53509,53508,53487
A,53509,53530,53508
A,53530,53529,53508
A,53530,53551,53529
A,53551,53550,53529
A,53551,53572,53550
A,53572,53571,53550
A,53572,53592,53571
A,53572,53593,53592
A,53593,53613,53592
A,53593,53614,53613
A,53614,53634,53613
A,53614,53635,53634
A,53635,53676,53634
A,53635,53677,53676
A,53677,53697,53676
A,53677,53698,53697
A,53698,53719,53697
A,53719,53718,53697
A,53719,53740,53718
A,53740,53739,53718
A,53740,53760,53739
A,53740,53761,53760
A,53761,53781,53760
A,53761,53782,53781
A,53782,53802,53781
A,53782,53803,53802
A,53803,53824,53802
A,53824,53823,53802
A,53824,53845,53823
A,53845,53844,53823
A,53845,53866,53844
A,53866,53865,53844
A,53866,53907,53865
A,53866,53908,53907
A,53908,53928,53907
A,53908,53929,53928
A,53929,53949,53928
A,53929,53950,53949
A,53950,53971,53949
A,53971,53970,53949
A,53971,53991,53970
A,53971,53992,53991
A,53992,531012,53991
A,53992,531013,531012
A,531013,531034,531012
A,531034,531033,531012
A,531034,531054,531033
A,531034,531055,531054
A,531055,531076,531054
A,531076,531075,531054
A,531076,531096,531075
A,531076,531097,531096
A,531097,531139,531096
A,531139,531138,531096
A,531139,531160,531138
A,531160,531159,531138
A,531160,531180,531159
A,531160,531181,531180
A,531160,531182,531181
A,531160,531161,531182
A,531161,531183,531182
A,531161,531162,531183
A,531162,531184,531183
A,531162,531163,531184
A,531163,531185,531184
A,531163,531164,531185
A,531164,531186,531185
A,531164,531165,531186
A,531165,531166,531186
A,531166,531187,531186
A,531166,531167,531187
A,531167,531188,531187
A,531167,531189,531188
A,531167,531168,531189
A,531168,531169,531189
A,531169,531190,531189
A,531169,531170,531190
A,531170,531191,531190
A,531170,531171,531191
A,531171,531192,531191
A,531171,531193,531192
A,531171,531172,531193
A,531172,531194,531193
A,531172,531173,531194
A,531172,531151,531173
A,531172,531150,531151
A,531172,531171,531150
A,531171,531149,531150
A,531149,531108,531150
A,531149,531107,531108
A,531107,531086,531108
A,531086,531087,531108
A,531086,531065,531087
A,531065,531066,531087
A,531065,531045,531066
A,531045,531046,531066
A,531045,531024,531046
A,531024,531025,531046
A,531024,531004,531025
A,531004,531005,531025
A,531004,53983,531005
A,53983,53984,531005
A,53983,53962,53984
A,53962,53963,53984
A,53962,53941,53963
A,53941,53942,53963
A,53941,53921,53942
A,53941,53920,53921
A,53920,53879,53921
A,53920,53878,53879
A,53878,53857,53879
A,53857,53858,53879
A,53857,53836,53858
A,53836,53837,53858
A,53836,53816,53837
A,53836,53815,53816
A,53815,53794,53816
A,53794,53795,53816
A,53794,53774,53795
A,53794,53773,53774
A,53773,53753,53774
A,53773,53752,53753
A,53752,53731,53753
A,53731,53732,53753
A,53731,53711,53732
A,53731,53710,53711
A,53710,53690,53711
A,53710,53689,53690
A,53689,53648,53690
A,53689,53647,53648
A,53647,53626,53648
A,53626,53627,53648
A,53626,53605,53627
A,53605,53606,53627
A,53605,53584,53606
A,53584,53585,53606
A,53584,53564,53585
A,53584,53563,53564
A,53563,53542,53564
A,53542,53543,53564
A,53542,53521,53543
A,53521,53522,53543
A,53521,53500,53522
A,53500,53501,53522
A,53500,53479,53501
A,53479,53480,53501
A,53479,53459,53480
A,53479,53458,53459
A,53458,53416,53459
A,53416,53417,53459
A,53416,53396,53417
A,53416,53395,53396
A,53395,53375,53396
A,53395,53374,53375
A,53374,53353,53375
A,53353,53354,53375
A,53353,53332,53354
A,53332,53333,53354
A,53332,53311,53333
A,53311,53312,53333
A,53311,53291,53312
A,53311,53290,53291
A,53290,53270,53291
A,53290,53269,53270
A,53269,53248,53270
A,53248,53249,53270
A,53248,53227,53249
A,53227,53228,53249
A,53227,53207,53228
A,53227,53206,53207
A,53206,53186,53207
A,53206,53185,53186
A,53185,53164,53186
A,53164,53165,53186
A,53164,53143,53165
A,53143,53144,53165
A,53143,53123,53144
A,53143,53122,53123
A,53122,53102,53123
A,53122,53101,53102
A,53101,5381,53102
A,53101,5380,5381
A,5380,5360,5381
A,5380,5359,5360
A,5359,5338,5360
A,5338,5339,5360
A,5338,5317,5339
A,5317,5318,5339
A,5317,531341,5318
A,5317,531340,531341
A,531340,531320,531341
A,531340,531319,531320
A,531319,531298,531320
A,531298,531299,531320
A,531298,531278,531299
A,531298,531277,531278
A,531277,531130,531278
A,531130,531131,531278
A,531277,531129,531130
A,531277,531276,531129
A,531277,531297,531276
A,531297,531296,531276
A,531296,531275,531276
A,531296,531274,531275
A,531296,531295,531274
A,531295,531273,531274
A,531295,531294,531273
A,531294,531293,531273
A,531293,531272,531273
A,531293,531292,531272
A,531292,531271,531272
A,531271,531124,531272
A,531271,531123,531124
A,531271,531270,531123
A,531270,531122,531123
A,531270,531269,531122
A,531269,531121,531122
A,531269,531268,531121
A,531268,531120,531121
A,531268,531267,531120
A,531267,531119,531120
A,531267,531266,531119
A,531266,531118,531119
A,531267,531287,531266
A,531267,531288,531287
A,531267,531289,531288
A,531289,531309,531288
A,531289,531310,531309
A,531310,531330,531309
A,531310,531331,531330
A,531331,538,531330
A,538,537,531330
A,538,5329,537
A,5329,5328,537
A,5329,5350,5328
A,5350,5349,5328
A,5350,5370,5349
A,5350,5371,5370
A,5371,5391,5370
A,5371,5392,5391
A,5392,53112,5391
A,53112,53111,5391
A,53112,53133,53111
A,53133,53132,53111
A,53132,53110,53111
A,53132,53131,53110
A,53132,53152,53131
A,53132,53153,53152
A,53153,53173,53152
A,53153,53174,53173
A,53174,53194,53173
A,53174,53195,53194
A,53195,53216,53194
A,53216,53215,53194
A,53216,53236,53215
A,53216,53237,53236
A,53237,53258,53236
A,53258,53257,53236
A,53258,53278,53257
A,53258,53279,53278
A,53279,53299,53278
A,53279,53300,53299
A,53300,53321,53299
A,53321,53320,53299
A,53321,53342,53320
A,53342,53341,53320
A,53342,53362,53341
A,53342,53363,53362
A,53363,53383,53362
A,53363,53384,53383
A,53384,53404,53383
A,53384,53405,53404
A,53405,53447,53404
A,53447,53446,53404
A,53447,53467,53446
A,53447,53468,53467
A,53468,53488,53467
A,53468,53489,53488
A,53489,53510,53488
A,53510,53509,53488
A,53510,53531,53509
A,53531,53530,53509
A,53531,53551,53530
A,53531,53552,53551
A,53552,53572,53551
A,53552,53573,53572
A,53573,53594,53572
A,53594,53593,53572
A,53594,53615,53593
A,53615,53614,53593
A,53615,53636,53614
A,53636,53635,53614
A,53636,53677,53635
A,53636,53678,53677
A,53678,53698,53677
A,53678,53699,53698
A,53699,53719,53698
A,53699,53720,53719
A,53720,53741,53719
A,53741,53740,53719
A,53741,53761,53740
A,53741,53762,53761
A,53762,53783,53761
A,53783,53782,53761
A,53783,53803,53782
A,53783,53804,53803
A,53804,53824,53803
A,53804,53825,53824
A,53825,53846,53824
A,53846,53845,53824
A,53846,53867,53845
A,53867,53866,53845
A,53867,53908,53866
A,53867,53909,53908
A,53909,53929,53908
A,53909,53930,53929
A,53930,53951,53929
A,53951,53950,53929
A,53951,53972,53950
A,53972,53971,53950
A,53972,53993,53971
A,53993,53992,53971
A,53993,531013,53992
A,53993,531014,531013
A,531014,531035,531013
A,531035,531034,531013
A,531035,531055,531034
A,531035,531056,531055
A,531056,531077,531055
A,531077,531076,531055
A,531077,531097,531076
A,531077,531098,531097
A,531098,531139,531097
A,531098,531140,531139
A,531140,531161,531139
A,531161,531160,531139
A,531140,531162,531161
A,531140,531141,531162
A,531141,531163,531162
A,531141,531142,531163
A,531142,531164,531163
A,531142,531143,531164
A,531143,531165,531164
A,531143,531144,531165
A,531144,531166,531165
A,531144,531145,531166
A,531145,531167,531166
A,531145,531146,531167
A,531146,531168,531167
A,531146,531147,531168
A,531147,531169,531168
A,531147,531148,531169
A,531148,531170,531169
A,531148,531149,531170
A,531149,531171,531170
A,531148,531106,531149
A,531106,531107,531149
A,531106,531086,531107
A,531106,531085,531086
A,531085,531064,531086
A,531064,531065,531086
A,531064,531044,531065
A,531044,531045,531065
A,531044,531023,531045
A,531023,531024,531045
A,531023,531003,531024
A,531003,531004,531024
A,531003,53983,531004
A,531003,53982,53983
A,53982,53961,53983
A,53961,53962,53983
A,53961,53941,53962
A,53961,53940,53941
A,53940,53920,53941
A,53940,53919,53920
A,53919,53877,53920
A,53877,53878,53920
A,53877,53856,53878
A,53856,53857,53878
A,53856,53835,53857
A,53835,53836,53857
A,53835,53815,53836
A,53835,53814,53815
A,53814,53794,53815
A,53814,53793,53794
A,53793,53772,53794
A,53772,53773,53794
A,53772,53752,53773
A,53772,53751,53752
A,53751,53730,53752
A,53730,53731,53752
A,53730,53709,53731
A,53709,53710,53731
A,53709,53689,53710
A,53709,53688,53689
A,53688,53646,53689
A,53646,53647,53689
A,53646,53625,53647
A,53625,53626,53647
A,53625,53605,53626
A,53625,53604,53605
A,53604,53583,53605
A,53583,53584,53605
A,53583,53563,53584
A,53583,53562,53563
A,53562,53542,53563
A,53562,53541,53542
A,53541,53520,53542
A,53520,53521,53542
A,53520,53499,53521
A,53499,53500,53521
A,53499,53478,53500
A,53478,53479,53500
A,53478,53458,53479
A,53478,53457,53458
A,53457,53415,53458
A,53415,53416,53458
A,53415,53395,53416
A,53415,53394,53395
A,53394,53374,53395
A,53394,53373,53374
A,53373,53352,53374
A,53352,53353,53374
A,53352,53332,53353
A,53352,53331,53332
A,53331,53310,53332
A,53310,53311,53332
A,53310,53290,53311
A,53310,53289,53290
A,53289,53269,53290
A,53289,53268,53269
A,53268,53247,53269
A,53247,53248,53269
A,53247,53227,53248
A,53247,53226,53227
A,53226,53206,53227
A,53226,53205,53206
A,53205,53185,53206
A,53205,53184,53185
A,53184,53163,53185
A,53163,53164,53185
A,53163,53143,53164
A,53163,53142,53143
A,53142,53122,53143
A,53142,53121,53122
A,53121,53101,53122
A,53121,53100,53101
A,53100,5380,53101
A,53100,5379,5380
A,5379,5358,5380
A,5358,5359,5380
A,5358,5337,5359
A,5337,5338,5359
A,5337,5316,5338
A,5316,5317,5338
A,5316,531340,5317
A,5316,531339,531340
A,531339,531319,531340
A,531339,531318,531319
A,531318,531297,531319
A,531297,531298,531319
A,531297,531277,531298
A,531318,531296,531297
A,531318,531317,531296
A,531317,531295,531296
A,531317,531316,531295
A,531316,531294,531295
A,531316,531315,531294
A,531315,531293,531294
A,531315,531314,531293
A,531314,531292,531293
A,531314,531313,531292
A,531313,531291,531292
A,531291,531270,531292
A,531270,531271,531292
A,531291,531290,531270
A,531290,531269,531270
A,531290,531289,531269
A,531289,531268,531269
A,531289,531267,531268
A,531290,531310,531289
A,531290,531311,531310
A,531311,531331,531310
A,531311,531332,531331
A,531332,538,531331
A,531332,539,538
A,539,5330,538
A,5330,5329,538
A,5330,5351,5329
A,5351,5350,5329
A,5351,5371,5350
A,5351,5372,5371
A,5372,5392,5371
A,5372,5393,5392
A,5393,53113,5392
A,53113,53112,5392
A,53113,53134,53112
A,53134,53133,53112
A,53134,53154,53133
A,53154,53153,53133
A,53153,53132,53133
A,53154,53175,53153
A,53175,53174,53153
A,53175,53195,53174
A,53175,53196,53195
A,53196,53216,53195
A,53196,53217,53216
A,53217,53237,53216
A,53217,53238,53237
A,53238,53259,53237
A,53259,53258,53237
A,53259,53280,53258
A,53280,53279,53258
A,53280,53300,53279
A,53280,53301,53300
A,53301,53322,53300
A,53322,53321,53300
A,53322,53343,53321
A,53343,53342,53321
A,53343,53363,53342
A,53343,53364,53363
A,53364,53384,53363
A,53364,53385,53384
A,53385,53406,53384
A,53406,53405,53384
A,53406,53448,53405
A,53448,53447,53405
A,53448,53468,53447
A,53448,53469,53468
A,53469,53490,53468
A,53490,53489,53468
A,53490,53511,53489
A,53511,53510,53489
A,53511,53532,53510
A,53532,53531,53510
A,53532,53553,53531
A,53553,53552,53531
A,53553,53573,53552
A,53553,53574,53573
A,53574,53595,53573
A,53595,53594,53573
A,53595,53615,53594
A,53595,53616,53615
A,53616,53637,53615
A,53637,53636,53615
A,53637,53679,53636
A,53679,53678,53636
A,53679,53699,53678
A,53679,53700,53699
A,53700,53720,53699
A,53700,53721,53720
A,53721,53742,53720
A,53742,53741,53720
A,53742,53762,53741
A,53742,53763,53762
A,53763,53784,53762
A,53784,53783,53762
A,53784,53805,53783
A,53805,53804,53783
A,53805,53825,53804
A,53805,53826,53825
A,53826,53847,53825
A,53847,53846,53825
A,53847,53868,53846
A,53868,53867,53846
A,53868,53910,53867
A,53910,53909,53867
A,53910,53930,53909
A,53910,53931,53930
A,53931,53951,53930
A,53931,53952,53951
A,53952,53973,53951
A,53973,53972,53951
A,53973,53994,53972
A,53994,53993,53972
A,53994,531014,53993
A,53994,531015,531014
A,531015,531036,531014
A,531036,531035,531014
A,531036,531056,531035
A,531036,531057,531056
A,531057,531077,531056
A,531057,531078,531077
A,531078,531099,531077
A,531099,531098,531077
A,531099,531140,531098
A,531099,531141,531140
A,531099,531100,531141
A,531100,531142,531141
A,531100,531101,531142
A,531101,531143,531142
A,531101,531102,531143
A,531102,531144,531143
A,531102,531103,531144
A,531103,531145,531144
A,531103,531146,531145
A,531103,531104,531146
A,531104,531147,531146
A,531104,531105,531147
A,531105,531148,531147
A,531105,531106,531148
A,531105,531084,531106
A,531084,531085,531106
A,531084,531064,531085
A,531084,531063,531064
A,531063,531043,531064
A,531043,531044,531064
A,531043,531022,531044
A,531022,531023,531044
A,531022,531002,531023
A,531002,531003,531023
A,531002,53982,531003
A,531002,53981,53982
A,53981,53960,53982
A,53960,53961,53982
A,53960,53940,53961
A,53960,53939,53940
A,53939,53919,53940
A,53939,53918,53919
A,53918,53876,53919
A,53876,53877,53919
A,53876,53855,53877
A,53855,53856,53877
A,53855,53834,53856
A,53834,53835,53856
A,53834,53814,53835
A,53834,53813,53814
A,53813,53792,53814
A,53792,53793,53814
A,53792,53772,53793
A,53792,53771,53772
A,53771,53751,53772
A,53771,53750,53751
A,53750,53729,53751
A,53729,53730,53751
A,53729,53708,53730
A,53708,53709,53730
A,53708,53688,53709
A,53708,53687,53688
A,53687,53646,53688
A,53687,53645,53646
A,53645,53625,53646
A,53645,53624,53625
A,53624,53604,53625
A,53624,53603,53604
A,53603,53582,53604
A,53582,53583,53604
A,53582,53561,53583
A,53561,53562,53583
A,53561,53541,53562
A,53561,53540,53541
A,53540,53519,53541
A,53519,53520,53541
A,53519,53498,53520
A,53498,53499,53520
A,53498,53477,53499
A,53477,53478,53499
A,53477,53457,53478
A,53477,53456,53457
A,53456,53415,53457
A,53456,53414,53415
A,53414,53393,53415
A,53393,53394,53415
A,53393,53373,53394
A,53393,53372,53373
A,53372,53352,53373
A,53372,53351,53352
A,53351,53331,53352
A,53351,53330,53331
A,53330,53309,53331
A,53309,53310,53331
A,53309,53289,53310
A,53309,53288,53289
A,53288,53268,53289
A,53288,53267,53268
A,53267,53246,53268
A,53246,53247,53268
A,53246,53225,53247
A,53225,53226,53247
A,53225,53204,53226
A,53204,53205,53226
A,53204,53184,53205
A,53204,53183,53184
A,53183,53162,53184
A,53162,53163,53184
A,53162,53142,53163
A,53162,53141,53142
A,53141,53120,53142
A,53120,53121,53142
A,53120,5399,53121
A,5399,53100,53121
A,5399,5379,53100
A,5399,5378,5379
A,5378,5358,5379
A,5378,5357,5358
A,5357,5337,5358
A,5357,5336,5337
A,5336,5315,5337
A,5315,5316,5337
A,5315,531339,5316
A,5315,531338,531339
A,531338,531318,531339
A,531338,531317,531318
A,531338,531337,531317
A,531337,531316,531317
A,531337,531336,531316
A,531336,531315,531316
A,531336,531335,531315
A,531335,531314,531315
A,531335,531334,531314
A,531334,531313,531314
A,531334,531333,531313
A,531333,531312,531313
A,531312,531291,531313
A,531312,531311,531291
A,531311,531290,531291
A,531312,531332,531311
A,531312,531333,531332
A,531333,539,531332
A,531333,5310,539
A,5310,5331,539
A,5331,5330,539
A,5331,5351,5330
A,5331,5352,5351
A,5352,5372,5351
A,5352,5373,5372
A,5373,5393,5372
A,5373,5394,5393
A,5394,53115,5393
A,53115,53114,5393
A,53114,53113,5393
A,53114,53135,53113
A,53135,53134,53113
A,53135,53156,53134
A,53156,53155,53134
A,53155,53154,53134
A,53155,53175,53154
A,53155,53176,53175
A,53176,53196,53175
A,53176,53197,53196
A,53197,53218,53196
A,53218,53217,53196
A,53218,53239,53217
A,53239,53238,53217
A,53239,53259,53238
A,53239,53260,53259
A,53260,53280,53259
A,53260,53281,53280
A,53281,53301,53280
A,53281,53302,53301
A,53302,53323,53301
A,53323,53322,53301
A,53323,53343,53322
A,53323,53344,53343
A,53344,53365,53343
A,53365,53364,53343
A,53365,53385,53364
A,53365,53386,53385
A,53386,53407,53385
A,53407,53406,53385
A,53407,53448,53406
A,53407,53449,53448
A,53449,53469,53448
A,53449,53470,53469
A,53470,53490,53469
A,53470,53491,53490
A,53491,53512,53490
A,53512,53511,53490
A,53512,53533,53511
A,53533,53532,53511
A,53533,53553,53532
A,53533,53554,53553
A,53554,53574,53553
A,53554,53575,53574
A,53575,53596,53574
A,53596,53595,53574
A,53596,53617,53595
A,53617,53616,53595
A,53617,53638,53616
A,53638,53637,53616
A,53638,53680,53637
A,53680,53679,53637
A,53680,53700,53679
A,53680,53701,53700
A,53701,53722,53700
A,53722,53721,53700
A,53722,53743,53721
A,53743,53742,53721
A,53743,53763,53742
A,53743,53764,53763
A,53764,53785,53763
A,53785,53784,53763
A,53785,53806,53784
A,53806,53805,53784
A,53806,53826,53805
A,53806,53827,53826
A,53827,53848,53826
A,53848,53847,53826
A,53848,53869,53847
A,53869,53868,53847
A,53869,53911,53868
A,53911,53910,53868
A,53911,53931,53910
A,53911,53932,53931
A,53932,53952,53931
A,53932,53953,53952
A,53953,53974,53952
A,53974,53973,53952
A,53974,53995,53973
A,53995,53994,53973
A,53995,531015,53994
A,53995,531016,531015
A,531016,531037,531015
A,531037,531036,531015
A,531037,531057,531036
A,531037,531058,531057
A,531058,531078,531057
A,531058,531079,531078
A,531079,531100,531078
A,531100,531099,531078
A,531079,531101,531100
A,531079,531080,531101
A,531080,531081,531101
A,531081,531102,531101
A,531081,531082,531102
A,531082,531103,531102
A,531082,531083,531103
A,531083,531104,531103
A,531083,531105,531104
A,531083,531084,531105
A,531083,531062,531084
A,531062,531063,531084
A,531062,531042,531063
A,531042,531043,531063
A,531042,531021,531043
A,531021,531022,531043
A,531021,531001,531022
A,531001,531002,531022
A,531001,53980,531002
A,53980,53981,531002
A,53980,53959,53981
A,53959,53960,53981
A,53959,53938,53960
A,53938,53939,53960
A,53938,53918,53939
A,53938,53917,53918
A,53917,53875,53918
A,53875,53876,53918
A,53875,53854,53876
A,53854,53855,53876
A,53854,53833,53855
A,53833,53834,53855
A,53833,53813,53834
A,53833,53812,53813
A,53812,53792,53813
A,53812,53791,53792
A,53791,53770,53792
A,53770,53771,53792
A,53770,53750,53771
A,53770,53749,53750
A,53749,53728,53750
A,53728,53729,53750
A,53728,53708,53729
A,53728,53707,53708
A,53707,53687,53708
A,53707,53686,53687
A,53686,53645,53687
A,53686,53644,53645
A,53644,53624,53645
A,53644,53623,53624
A,53623,53603,53624
A,53623,53602,53603
A,53602,53581,53603
A,53581,53582,53603
A,53581,53560,53582
A,53560,53561,53582
A,53560,53540,53561
A,53560,53539,53540
A,53539,53518,53540
A,53518,53519,53540
A,53518,53497,53519
A,53497,53498,53519
A,53497,53476,53498
A,53476,53477,53498
A,53476,53456,53477
A,53476,53455,53456
A,53455,53413,53456
A,53413,53414,53456
A,53413,53392,53414
A,53392,53393,53414
A,53392,53372,53393
A,53392,53371,53372
A,53371,53350,53372
A,53350,53351,53372
A,53350,53330,53351
A,53350,53329,53330
A,53329,53308,53330
A,53308,53309,53330
A,53308,53288,53309
A,53308,53287,53288
A,53287,53266,53288
A,53266,53267,53288
A,53266,53245,53267
A,53245,53246,53267
A,53245,53224,53246
A,53224,53225,53246
A,53224,53204,53225
A,53224,53203,53204
A,53203,53183,53204
A,53203,53182,53183
A,53182,53162,53183
A,53182,53161,53162
A,53161,53141,53162
A,53161,53140,53141
A,53140,53120,53141
A,53140,53119,53120
A,53119,5399,53120
A,53119,5398,5399
A,5398,5378,5399
A,5398,5377,5378
A,5377,5356,5378
A,5356,5357,5378
A,5356,5336,5357
A,5356,5335,5336
A,5335,5314,5336
A,5314,5315,5336
A,5314,531337,5315
A,531337,531338,5315
A,5314,531336,531337
A,5314,5313,531336
A,5313,5312,531336
A,5312,531335,531336
A,5312,5311,531335
A,5311,531334,531335
A,5311,5310,531334
A,5310,531333,531334
A,5311,5332,5310
A,5332,5331,5310
A,5332,5352,5331
A,5332,5353,5352
A,5353,5374,5352
A,5374,5373,5352
A,5374,5395,5373
A,5395,5394,5373
A,5395,53116,5394
A,53116,53115,5394
A,53116,53136,53115
A,53136,53114,53115
A,53136,53135,53114
A,53136,53156,53135
A,53136,53157,53156
A,53157,53177,53156
A,53177,53155,53156
A,53177,53176,53155
A,53177,53197,53176
A,53177,53198,53197
A,53198,53219,53197
A,53219,53218,53197
A,53219,53240,53218
A,53240,53239,53218
A,53240,53260,53239
A,53240,53261,53260
A,53261,53282,53260
A,53282,53281,53260
A,53282,53302,53281
A,53282,53303,53302
A,53303,53324,53302
A,53324,53323,53302
A,53324,53344,53323
A,53324,53345,53344
A,53345,53365,53344
A,53345,53366,53365
A,53366,53386,53365
A,53366,53387,53386
A,53387,53407,53386
A,53387,53408,53407
A,53408,53450,53407
A,53450,53449,53407
A,53450,53471,53449
A,53471,53470,53449
A,53471,53491,53470
A,53471,53492,53491
A,53492,53513,53491
A,53513,53512,53491
A,53513,53534,53512
A,53534,53533,53512
A,53534,53554,53533
A,53534,53555,53554
A,53555,53575,53554
A,53555,53576,53575
A,53576,53597,53575
A,53597,53596,53575
A,53597,53617,53596
A,53597,53618,53617
A,53618,53638,53617
A,53618,53639,53638
A,53639,53680,53638
A,53639,53681,53680
A,53681,53701,53680
A,53681,53702,53701
A,53702,53722,53701
A,53702,53723,53722
A,53723,53744,53722
A,53744,53743,53722
A,53744,53764,53743
A,53744,53765,53764
A,53765,53786,53764
A,53786,53785,53764
A,53786,53806,53785
A,53786,53807,53806
A,53807,53827,53806
A,53807,53828,53827
A,53828,53849,53827
A,53849,53848,53827
A,53849,53870,53848
A,53870,53869,53848
A,53870,53911,53869
A,53870,53912,53911
A,53912,53932,53911
A,53912,53933,53932
A,53933,53953,53932
A,53933,53954,53953
A,53954,53975,53953
A,53975,53974,53953
A,53975,53995,53974
A,53975,53996,53995
A,53996,531016,53995
A,53996,531017,531016
A,531017,531038,531016
A,531038,531037,531016
A,531038,531058,531037
A,531038,531059,531058
A,531059,531080,531058
A,531080,531079,531058
A,531059,531081,531080
A,531059,531060,531081
A,531060,531082,531081
A,531060,531061,531082
A,531061,531083,531082
A,531061,531062,531083
A,531061,531041,531062
A,531041,531042,531062
A,531041,531021,531042
A,531041,531020,531021
A,531020,531000,531021
A,531000,531001,531021
A,531000,53980,531001
A,531000,53979,53980
A,53979,53958,53980
A,53958,53959,53980
A,53958,53937,53959
A,53937,53938,53959
A,53937,53917,53938
A,53937,53916,53917
A,53916,53874,53917
A,53874,53875,53917
A,53874,53853,53875
A,53853,53854,53875
A,53853,53832,53854
A,53832,53833,53854
A,53832,53811,53833
A,53811,53812,53833
A,53811,53791,53812
A,53811,53790,53791
A,53790,53770,53791
A,53790,53769,53770
A,53769,53749,53770
A,53769,53748,53749
A,53748,53727,53749
A,53727,53728,53749
A,53727,53706,53728
A,53706,53707,53728
A,53706,53686,53707
A,53706,53685,53686
A,53685,53643,53686
A,53643,53644,53686
A,53643,53623,53644
A,53643,53622,53623
A,53622,53602,53623
A,53622,53601,53602
A,53601,53580,53602
A,53580,53581,53602
A,53580,53560,53581
A,53580,53559,53560
A,53559,53538,53560
A,53538,53539,53560
A,53538,53517,53539
A,53517,53518,53539
A,53517,53496,53518
A,53496,53497,53518
A,53496,53476,53497
A,53496,53475,53476
A,53475,53454,53476
A,53454,53455,53476
A,53454,53413,53455
A,53454,53412,53413
A,53412,53392,53413
A,53412,53391,53392
A,53391,53371,53392
A,53391,53370,53371
A,53370,53350,53371
A,53370,53349,53350
A,53349,53328,53350
A,53328,53329,53350
A,53328,53307,53329
A,53307,53308,53329
A,53307,53287,53308
A,53307,53286,53287
A,53286,53265,53287
A,53265,53266,53287
A,53265,53244,53266
A,53244,53245,53266
A,53244,53224,53245
A,53244,53223,53224
A,53223,53202,53224
A,53202,53203,53224
A,53202,53181,53203
A,53181,53182,53203
A,53181,53160,53182
A,53160,53161,53182
A,53160,53140,53161
A,53160,53139,53140
A,53139,53118,53140
A,53118,53119,53140
A,53118,5398,53119
A,53118,5397,5398
A,5397,5377,5398
A,5397,5376,5377
A,5376,5356,5377
A,5376,5355,5356
A,5355,5335,5356
A,5355,5334,5335
A,5334,5313,5335
A,5313,5314,5335
A,5334,5312,5313
A,5334,5333,5312
A,5333,5311,5312
A,5333,5332,5311
A,5333,5354,5332
A,5354,5353,5332
A,5354,5374,5353
A,5354,5375,5374
A,5375,5395,5374
A,5375,5396,5395
A,5396,53117,5395
A,53117,53116,5395
A,53117,53138,53116
A,53138,53137,53116
A,53137,53136,53116
A,53137,53157,53136
A,53137,53158,53157
A,53158,53179,53157
A,53179,53178,53157
A,53178,53177,53157
A,53178,53198,53177
A,53178,53199,53198
A,53199,53220,53198
A,53220,53219,53198
A,53220,53240,53219
A,53220,53241,53240
A,53241,53261,53240
A,53241,53262,53261
A,53262,53283,53261
A,53283,53282,53261
A,53283,53303,53282
A,53283,53304,53303
A,53304,53325,53303
A,53325,53324,53303
A,53325,53346,53324
A,53346,53345,53324
A,53346,53367,53345
A,53367,53366,53345
A,53367,53387,53366
A,53367,53388,53387
A,53388,53408,53387
A,53388,53409,53408
A,53409,53450,53408
A,53409,53451,53450
A,53451,53472,53450
A,53472,53471,53450
A,53472,53493,53471
A,53493,53492,53471
A,53493,53514,53492
A,53514,53513,53492
A,53514,53535,53513
A,53535,53534,53513
A,53535,53556,53534
A,53556,53555,53534
A,53556,53577,53555
A,53577,53576,53555
A,53577,53598,53576
A,53598,53597,53576
A,53598,53618,53597
A,53598,53619,53618
A,53619,53639,53618
A,53619,53640,53639
A,53640,53681,53639
A,53640,53682,53681
A,53682,53702,53681
A,53682,53703,53702
A,53703,53724,53702
A,53724,53723,53702
A,53724,53745,53723
A,53745,53744,53723
A,53745,53765,53744
A,53745,53766,53765
A,53766,53786,53765
A,53766,53787,53786
A,53787,53808,53786
A,53808,53807,53786
A,53808,53829,53807
A,53829,53828,53807
A,53829,53850,53828
A,53850,53849,53828
A,53850,53871,53849
A,53871,53870,53849
A,53871,53912,53870
A,53871,53913,53912
A,53913,53933,53912
A,53913,53934,53933
A,53934,53954,53933
A,53934,53955,53954
A,53955,53976,53954
A,53976,53975,53954
A,53976,53996,53975
A,53976,53997,53996
A,53997,531017,53996
A,53997,531018,531017
A,531018,531039,531017
A,531039,531038,531017
A,531039,531059,531038
A,531039,531060,531059
A,531039,531040,531060
A,531040,531061,531060
A,531040,531041,531061
A,531040,531019,531041
A,531019,531020,531041
A,531019,53999,531020
A,53999,531000,531020
A,53999,53979,531000
A,53999,53978,53979
A,53978,53957,53979
A,53957,53958,53979
A,53957,53936,53958
A,53936,53937,53958
A,53936,53916,53937
A,53936,53915,53916
A,53915,53874,53916
A,53915,53873,53874
A,53873,53852,53874
A,53852,53853,53874
A,53852,53831,53853
A,53831,53832,53853
A,53831,53810,53832
A,53810,53811,53832
A,53810,53790,53811
A,53810,53789,53790
A,53789,53769,53790
A,53789,53768,53769
A,53768,53748,53769
A,53768,53747,53748
A,53747,53726,53748
A,53726,53727,53748
A,53726,53706,53727
A,53726,53705,53706
A,53705,53685,53706
A,53705,53684,53685
A,53684,53642,53685
A,53642,53643,53685
A,53642,53621,53643
A,53621,53622,53643
A,53621,53601,53622
A,53621,53600,53601
A,53600,53580,53601
A,53600,53579,53580
A,53579,53559,53580
A,53579,53558,53559
A,53558,53538,53559
A,53558,53537,53538
A,53537,53516,53538
A,53516,53517,53538
A,53516,53495,53517
A,53495,53496,53517
A,53495,53474,53496
A,53474,53475,53496
A,53474,53453,53475
A,53453,53454,53475
A,53453,53411,53454
A,53411,53412,53454
A,53411,53391,53412
A,53411,53390,53391
A,53390,53370,53391
A,53390,53369,53370
A,53369,53349,53370
A,53369,53348,53349
A,53348,53327,53349
A,53327,53328,53349
A,53327,53306,53328
A,53306,53307,53328
A,53306,53286,53307
A,53306,53285,53286
A,53285,53265,53286
A,53285,53264,53265
A,53264,53243,53265
A,53243,53244,53265
A,53243,53223,53244
A,53243,53222,53223
A,53222,53202,53223
A,53222,53201,53202
A,53201,53181,53202
A,53201,53180,53181
A,53180,53160,53181
A,53180,53159,53160
A,53159,53138,53160
A,53138,53139,53160
A,53138,53117,53139
A,53117,53118,53139
A,53117,5397,53118
A,53117,5396,5397
A,5396,5376,5397
A,5396,5375,5376
A,5375,5354,5376
A,5354,5355,5376
A,5354,5334,5355
A,5354,5333,5334
A,53159,53158,53138
A,53158,53137,53138
A,53159,53179,53158
A,53159,53180,53179
A,53180,53200,53179
A,53200,53199,53179
A,53199,53178,53179
A,53200,53221,53199
A,53221,53220,53199
A,53221,53242,53220
A,53242,53241,53220
A,53242,53263,53241
A,53263,53262,53241
A,53263,53283,53262
A,53263,53284,53283
A,53284,53304,53283
A,53284,53305,53304
A,53305,53326,53304
A,53326,53325,53304
A,53326,53346,53325
A,53326,53347,53346
A,53347,53368,53346
A,53368,53367,53346
A,53368,53388,53367
A,53368,53389,53388
A,53389,53409,53388
A,53389,53410,53409
A,53410,53451,53409
A,53410,53452,53451
A,53452,53472,53451
A,53452,53473,53472
A,53473,53493,53472
A,53473,53494,53493
A,53494,53515,53493
A,53515,53514,53493
A,53515,53536,53514
A,53536,53535,53514
A,53536,53557,53535
A,53557,53556,53535
A,53557,53578,53556
A,53578,53577,53556
A,53578,53599,53577
A,53599,53598,53577
A,53599,53619,53598
A,53599,53620,53619
A,53620,53640,53619
A,53620,53641,53640
A,53641,53682,53640
A,53641,53683,53682
A,53683,53703,53682
A,53683,53704,53703
A,53704,53724,53703
A,53704,53725,53724
A,53725,53746,53724
A,53746,53745,53724
A,53746,53766,53745
A,53746,53767,53766
A,53767,53787,53766
A,53767,53788,53787
A,53788,53808,53787
A,53788,53809,53808
A,53809,53829,53808
A,53809,53830,53829
A,53830,53851,53829
A,53851,53850,53829
A,53851,53872,53850
A,53872,53871,53850
A,53872,53913,53871
A,53872,53914,53913
A,53914,53934,53913
A,53914,53935,53934
A,53935,53955,53934
A,53935,53956,53955
A,53956,53977,53955
A,53977,53976,53955
A,53977,53997,53976
A,53977,53998,53997
A,53998,531018,53997
A,53998,531019,531018
A,531019,531040,531018
A,531040,531039,531018
A,53998,53999,531019
A,53998,53977,53999
A,53977,53978,53999
A,53977,53956,53978
A,53956,53957,53978
A,53956,53935,53957
A,53935,53936,53957
A,53935,53915,53936
A,53935,53914,53915
A,53914,53873,53915
A,53914,53872,53873
A,53872,53851,53873
A,53851,53852,53873
A,53851,53830,53852
A,53830,53831,53852
A,53830,53809,53831
A,53809,53810,53831
A,53809,53789,53810
A,53809,53788,53789
A,53788,53768,53789
A,53788,53767,53768
A,53767,53747,53768
A,53767,53746,53747
A,53746,53725,53747
A,53725,53726,53747
A,53725,53704,53726
A,53704,53705,53726
A,53704,53684,53705
A,53704,53683,53684
A,53683,53641,53684
A,53641,53642,53684
A,53641,53620,53642
A,53620,53621,53642
A,53620,53600,53621
A,53620,53599,53600
A,53599,53579,53600
A,53599,53578,53579
A,53578,53558,53579
A,53578,53557,53558
A,53557,53537,53558
A,53557,53536,53537
A,53536,53515,53537
A,53515,53516,53537
A,53515,53494,53516
A,53494,53495,53516
A,53494,53474,53495
A,53494,53473,53474
A,53473,53453,53474
A,53473,53452,53453
A,53452,53410,53453
A,53410,53411,53453
A,53410,53390,53411
A,53410,53389,53390
A,53389,53369,53390
A,53389,53368,53369
A,53368,53347,53369
A,53347,53348,53369
A,53347,53327,53348
A,53347,53326,53327
A,53326,53305,53327
A,53305,53306,53327
A,53305,53285,53306
A,53305,53284,53285
A,53284,53264,53285
A,53284,53263,53264
A,53263,53242,53264
A,53242,53243,53264
A,53242,53222,53243
A,53242,53221,53222
A,53221,53200,53222
A,53200,53201,53222
A,53200,53180,53201
A,531240,531518,531410
A,53896,53895,53665
