k,521.0,-63.08705902,3.076469183,0.37745487689999996
k,522.0,-63.07180786,3.139947414,0.5737614632
k,523.0,-63.07913208,3.2089829439999997,0.783059597
k,524.0,-63.09103012,3.273615837,0.9760756493000001
k,525.0,-63.08972168,3.3359398839999996,1.170496464
k,526.0,-63.07557678,3.400322437,1.367535114
k,527.0,-63.07962418,3.467135429,1.569418907
k,528.0,-63.07621384,3.5352745060000004,1.777934074
k,529.0,-63.07411575,3.593698502,1.9673728940000001
k,5210.0,-63.08256531,3.664977789,2.185445786
k,5211.0,-63.08189774,3.728978157,2.382354736
k,5212.0,-63.07073212,3.790368795,2.5764322280000003
k,5213.0,-63.07732391,3.8428750039999997,2.739331245
k,5214.0,-63.07711029,3.94493413,3.048168182
k,5215.0,-63.08768845,3.984611034,3.170215607
k,5216.0,-63.08190155,4.052456856,3.376840591
k,5217.0,-63.08079147,4.117719173,3.5732345580000002
k,5218.0,-63.08150864,4.186669827,3.779489517
k,5219.0,-63.08541489,4.252354145,3.974693298
k,5220.0,-63.07860947,4.316761971,4.167383194
k,5221.0,-63.09098434,4.384432793,4.36933136
k,5222.0,-62.88782883,3.086192369,0.40973746780000003
k,5223.0,-62.88692856,3.1481635569999997,0.6033010483
k,5224.0,-62.88698578,3.2161836619999997,0.8054232597
k,5225.0,-62.88734436,3.282024622,1.004234314
k,5226.0,-62.88085938,3.34659791,1.204391956
k,5227.0,-62.87230682,3.411107063,1.399009705
k,5228.0,-62.88131332,3.477709055,1.600710869
k,5229.0,-62.8837471,3.543812275,1.805900574
k,5230.0,-62.88291168,3.5994338989999997,1.9856405259999999
k,5231.0,-62.88398743,3.672529697,2.210386276
k,5232.0,-62.881591799999995,3.737356663,2.4126691819999997
k,5233.0,-62.8806572,3.799763918,2.608046532
k,5234.0,-62.8915596,3.84498024,2.7491998669999997
k,5235.0,-62.88314056,3.950332165,3.068853378
k,5236.0,-62.8843956,3.9979949,3.212371826
k,5237.0,-62.87923813,4.060480118,3.402240753
k,5238.0,-62.87696075,4.12747097,3.6029338839999996
k,5239.0,-62.88220215,4.197930813,3.813018799
k,5240.0,-62.87760544,4.260986805,4.000133514
k,5241.0,-62.88991165,4.3237276080000004,4.186588287
k,5242.0,-62.88285828,4.39518261,4.401216507
k,5243.0,-62.71139908,3.091840982,0.4327489138
k,5244.0,-62.70422745,3.1540675160000005,0.6241476536
k,5245.0,-62.71062088,3.2204823489999996,0.8195869923000001
k,5246.0,-62.69311523,3.2918062210000003,1.034146309
k,5247.0,-62.68718719,3.353403091,1.223314762
k,5248.0,-62.67448044,3.418219328,1.4209246640000002
k,5249.0,-62.67856598,3.484353065,1.6211919780000001
k,5250.0,-62.67626189999999,3.54954195,1.8233861919999999
k,5251.0,-62.68592072,3.6048550610000003,2.000367165
k,5252.0,-62.67604828,3.676650524,2.222644806
k,5253.0,-62.69184875,3.742317915,2.428059578
k,5254.0,-62.68270111,3.806391001,2.6289196009999998
k,5255.0,-62.68760681,3.847188473,2.759531975
k,5256.0,-62.67155457,3.951066017,3.072738647
k,5257.0,-62.68464661,4.001557827,3.225013733
k,5258.0,-62.68068695,4.06478405,3.415502548
k,5259.0,-62.68288422,4.13035059,3.6126060489999996
k,5260.0,-62.6882515,4.201300144,3.8259067539999996
k,5261.0,-62.68561554,4.265519142,4.01348877
k,5262.0,-62.68055725,4.334833622,4.219947815
k,5263.0,-62.67284775,4.401287078999999,4.420366287
k,5264.0,-62.46371078,3.078509092,0.3850787878
k,5265.0,-62.45700073,3.140961885,0.5807859898
k,5266.0,-62.45342255,3.201025724,0.7641124725
k,5267.0,-62.437397,3.263385057,0.9517269134999999
k,5268.0,-62.43873596,3.351726055,1.2201342579999999
k,5269.0,-62.50626373,3.41070509,1.398132324
k,5270.0,-62.50015259,3.469925165,1.5797843930000002
k,5271.0,-62.49466705,3.533375025,1.773939133
k,5272.0,-62.48910904,3.594018698,1.962591171
k,5273.0,-62.47592926,3.6654205319999997,2.187328339
k,5274.0,-62.47775649999999,3.72902894,2.388085365
k,5275.0,-62.48296738,3.79039526,2.578637123
k,5276.0,-62.47720337,3.841440678,2.743618011
k,5277.0,-62.48095322,3.9451007839999996,3.0532360080000003
k,5278.0,-62.49192429,3.986822367,3.181869507
k,5279.0,-62.49061966,4.049939632,3.373369217
k,5280.0,-62.48331833,4.1183142660000005,3.577777863
k,5281.0,-62.48661423,4.186467171,3.7802219389999996
k,5282.0,-62.48060989,4.257872105,3.9927425380000003
k,5283.0,-62.47909927,4.319449425,4.177400588999999
k,5284.0,-62.47856903,4.388238907,4.383747101
k,5285.0,-62.28577805,3.0820539,0.3972438574
k,5286.0,-62.28241729999999,3.1469357010000003,0.5982868671
k,5287.0,-62.30847168,3.216884375,0.8088121414
k,5288.0,-62.30026245,3.282406807,1.00775671
k,5289.0,-62.31167603,3.343474388,1.1943745609999998
k,5290.0,-62.29299927,3.4101810460000004,1.397388935
k,5291.0,-62.27435684,3.4771654610000002,1.605496407
k,5292.0,-62.27298737,3.543190956,1.8059663769999998
k,5293.0,-62.27429962,3.6086986060000004,2.010689735
k,5294.0,-62.32394791,3.66748786,2.1957445140000003
k,5295.0,-62.28833008,3.736261129,2.413234711
k,5296.0,-62.28430176,3.803323269,2.620380402
k,5297.0,-62.28032303,3.846273661,2.7578859330000003
k,5298.0,-62.27293015,3.95347023,3.07843399
k,5299.0,-62.27583313,3.995757341,3.209581375
k,52100.0,-62.27446747,4.064985752,3.416366577
k,52101.0,-62.27376556,4.128167152,3.608888626
k,52102.0,-62.28243256,4.197062016,3.8137741089999997
k,52103.0,-62.27801514,4.263874531,4.011238098
k,52104.0,-62.28316498,4.327373505,4.201658248999999
k,52105.0,-62.28064346,4.396681786,4.410324097
k,52106.0,-62.08694458,3.07429266,0.373699069
k,52107.0,-62.08691406,3.139781237,0.57487607
k,52108.0,-62.07962418,3.204714775,0.7707872390999999
k,52109.0,-62.08312988,3.2725651260000004,0.9745445251
k,52110.0,-62.07358551,3.340077162,1.1843843459999999
k,52111.0,-62.08081436,3.404140711,1.3782401080000002
k,52112.0,-62.06390762,3.470802069,1.574700356
k,52113.0,-62.06877136,3.5362432,1.7792625430000002
k,52114.0,-62.08835602,3.588166237,1.945869446
k,52115.0,-62.05153656,3.6625587939999997,2.174543381
k,52116.0,-62.04997253,3.727204561,2.3802042009999997
k,52117.0,-62.05781937,3.788840532,2.571352959
k,52118.0,-62.05458832,3.845259666,2.747632027
k,52119.0,-62.06674576,3.94471693,3.05585289
k,52120.0,-62.06661987,3.987368107,3.18189621
k,52121.0,-62.06397629,4.051779747,3.37421608
k,52122.0,-62.08322144,4.116812706,3.5736598969999998
k,52123.0,-62.07952118,4.1872954369999995,3.7843742369999998
k,52124.0,-62.08156967,4.251459122,3.9760036469999998
k,52125.0,-62.088871,4.319604397,4.1773376460000025
k,52126.0,-62.08499527,4.383749485,4.372583389
k,52127.0,-61.88381195,3.0847685339999997,0.40397048
k,52128.0,-61.87383652,3.1537680630000002,0.6126627922
k,52129.0,-61.88382339,3.215001345,0.8048186302
k,52130.0,-61.87668228,3.28061533,0.9992318153
k,52131.0,-61.88922882,3.3467402460000004,1.20471096
k,52132.0,-61.87891388,3.4118521210000003,1.400025368
k,52133.0,-61.88391113,3.48009038,1.6064853669999999
k,52134.0,-61.88329315,3.5452861789999996,1.809735298
k,52135.0,-61.89248657,3.595036983,1.973028183
k,52136.0,-61.88470078,3.672085762,2.209337234
k,52137.0,-61.88408279,3.737384081,2.414198875
k,52138.0,-61.88097382,3.799117327,2.607504845
k,52139.0,-61.88325882,3.8501520160000013,2.766976357
k,52140.0,-61.87113953,3.9507496360000003,3.068458557
k,52141.0,-61.88227463,3.998050928,3.21320343
k,52142.0,-61.88560486,4.062836647,3.4109477999999998
k,52143.0,-61.87932968,4.1274557110000005,3.605604172
k,52144.0,-61.88262558,4.198759078999999,3.8176650999999997
k,52145.0,-61.88306808,4.262056828,4.006313324
k,52146.0,-61.88916016,4.3300571439999995,4.210866928
k,52147.0,-61.88018799,4.396520615,4.41270256
k,52148.0,-61.67758179,3.0901675219999998,0.42007422450000004
k,52149.0,-61.68823242,3.1532199380000003,0.6090707779
k,52150.0,-61.68708420000001,3.216265678,0.8014464378
k,52151.0,-61.68144226,3.282516241,1.0084176059999999
k,52152.0,-61.67682648,3.346417427,1.205041885
k,52153.0,-61.67874527,3.411903858,1.402558327
k,52154.0,-61.67441940000001,3.482988119,1.614292145
k,52155.0,-61.67832565,3.5443789960000003,1.8058862690000002
k,52156.0,-61.66865921,3.602468967,1.9917783740000001
k,52157.0,-61.68307495,3.674848557,2.215574265
k,52158.0,-61.67338562,3.73833251,2.4124059680000003
k,52159.0,-61.6819725,3.798533678,2.603462219
k,52160.0,-61.68462753,3.848668337,2.7598609919999997
k,52161.0,-61.69364166,3.95090723,3.065156937
k,52162.0,-61.68091965,3.998015165,3.2080154419999998
k,52163.0,-61.68641281,4.061649323,3.402284622
k,52164.0,-61.68013382,4.126853943,3.6021003719999998
k,52165.0,-61.686203000000006,4.195812702,3.807395935
k,52166.0,-61.68631744,4.257978916,3.9935817719999998
k,52167.0,-61.71042252,4.325451851,4.19875145
k,52168.0,-61.71165466,4.39140892,4.403133392
k,52169.0,-61.48665237,3.0865957739999996,0.4092005491
k,52170.0,-61.48539734,3.152515888,0.6036462784000001
k,52171.0,-61.48405457,3.2169380189999996,0.801813364
k,52172.0,-61.48146057,3.2830398080000003,1.007650852
k,52173.0,-61.47687149,3.3474035260000004,1.206419945
k,52174.0,-61.47932434,3.412563562,1.403085709
k,52175.0,-61.48044586,3.4787318710000004,1.603664398
k,52176.0,-61.47989655,3.5432200430000003,1.802602768
k,52177.0,-61.49693298,3.599704027,1.981759071
k,52178.0,-61.48280716,3.6803543569999997,2.228470802
k,52179.0,-61.48236847,3.738963366,2.4104566569999997
k,52180.0,-61.47568512,3.80279541,2.611373901
k,52181.0,-61.47226334,3.8522329330000002,2.762722969
k,52182.0,-61.47306061,3.9542825219999997,3.067220688
k,52183.0,-61.48794937,4.0016675,3.215314865
k,52184.0,-61.48251343,4.066775799,3.41261673
k,52185.0,-61.48510742,4.128363609,3.601989746
k,52186.0,-61.48109436,4.199885368,3.819721222
k,52187.0,-61.47894287,4.2515525819999995,3.970003128
k,52188.0,-61.48786163,4.327406883,4.209749222
k,52189.0,-61.47859573,4.393357754,4.409402847
k,52190.0,-61.27510071,3.08648324,0.4094432592
k,52191.0,-61.27914429,3.1501619819999997,0.6040737629
k,52192.0,-61.2795372,3.217048645,0.8049829006
k,52193.0,-61.27700806,3.279608965,0.9964966773999999
k,52194.0,-61.28198242,3.3467707630000003,1.205910206
k,52195.0,-61.27886963,3.411637545,1.4026284219999998
k,52196.0,-61.283897399999994,3.479866266,1.6080513
k,52197.0,-61.28892899,3.5413739680000003,1.7979078290000001
k,52198.0,-61.28314209,3.600168943,1.988718987
k,52199.0,-61.27770615,3.6768710610000004,2.2209644319999997
k,52200.0,-61.28768921,3.737943172,2.409863472
k,52201.0,-61.28461456,3.801696539,2.607822418
k,52202.0,-61.27882767,3.853291035,2.767401695
k,52203.0,-61.28780365,3.952671289,3.066781998
k,52204.0,-61.28208542,3.9970648289999997,3.20283699
k,52205.0,-61.28103638,4.060914993,3.398111343
k,52206.0,-61.29279327,4.1268949510000015,3.601335526
k,52207.0,-61.27877045,4.198092461,3.816949844
k,52208.0,-61.26665497,4.260159492,4.00213623
k,52209.0,-61.27540207,4.327833176,4.206972122
k,52210.0,-61.28845978,4.390687466,4.3999900819999995
k,52211.0,-64.81443024,3.27065587,0.9568886756999999
k,52212.0,-61.08186722,3.0844757560000002,0.4056224823
k,52213.0,-61.08670044,3.150643826,0.6089680195
k,52214.0,-61.08188629,3.2164886000000004,0.8057229519
k,52215.0,-61.07965851,3.2833442689999996,1.006884098
k,52216.0,-61.08845901,3.3463938239999997,1.2036728859999999
k,52217.0,-61.08479309,3.4100215439999997,1.3987665180000002
k,52218.0,-61.08470154,3.4771986010000004,1.600234985
k,52219.0,-61.07986069,3.542592525,1.803853989
k,52220.0,-61.0655632,3.6032860280000003,1.9989748
k,52221.0,-61.07658768,3.678816795,2.229496002
k,52222.0,-61.08680725,3.736010551,2.407022476
k,52223.0,-61.0819664,3.800673723,2.606633186
k,52224.0,-61.09460068,3.8526334760000003,2.770088196
k,52225.0,-61.07285690000001,3.9503104689999997,3.0673713680000003
k,52226.0,-61.08127213,3.9945354460000004,3.203231812
k,52227.0,-61.07727432,4.061733723,3.4047966
k,52228.0,-61.08544159,4.127546787,3.6065502169999997
k,52229.0,-61.07561874,4.1962184910000015,3.812652588
k,52230.0,-61.08082199,4.260397434,4.004199982
k,52231.0,-61.08265686,4.328537464,4.210420609
k,52232.0,-61.07977676,4.397962093,4.423044205
k,52233.0,-60.88482666,3.0763311389999997,0.3821079731
k,52234.0,-60.87431717,3.139049768,0.5781366825
k,52235.0,-60.88680649,3.20798111,0.7829055786
k,52236.0,-60.87805557,3.274682999,0.9815688133
k,52237.0,-60.87870407,3.3381733889999996,1.1781525609999999
k,52238.0,-60.88229752,3.401847601,1.37109375
k,52239.0,-60.8876152,3.4696702960000003,1.5779323580000002
k,52240.0,-60.88291168,3.534309626,1.7777233119999998
k,52241.0,-60.88414764,3.5897302630000003,1.955080986
k,52242.0,-60.89417267,3.664050579,2.190743446
k,52243.0,-60.89369965,3.7237727639999996,2.377127647
k,52244.0,-60.88835907,3.787406445,2.5740156169999997
k,52245.0,-60.88302231,3.8452498910000004,2.759613991
k,52246.0,-60.88146973,3.9274997710000004,3.029039383
k,52247.0,-60.88277435,3.984108448,3.178209305
k,52248.0,-60.88152695,4.049147129,3.369697571
k,52249.0,-60.88510895,4.115870953,3.5736866000000003
k,52250.0,-60.87824249,4.186152935,3.7851085660000003
k,52251.0,-60.88003159,4.251752853,3.9773807530000003
k,52252.0,-60.87938309,4.317986965,4.177780151
k,52253.0,-60.88164520000001,4.3845019339999975,4.382167816
k,52254.0,-60.677845,3.086274862,0.4129931927
k,52255.0,-60.67469788,3.150391102,0.6111307144
k,52256.0,-60.68003082,3.220407963,0.8187267779999999
k,52257.0,-60.67929077,3.2868175510000004,1.01888895
k,52258.0,-60.68416214,3.3465485569999998,1.204119682
k,52259.0,-60.68042755,3.4159066680000003,1.4162526130000002
k,52260.0,-60.68112183,3.481343985,1.61368084
k,52261.0,-60.68511581,3.547054052,1.818302155
k,52262.0,-60.69168091,3.601583958,1.9941635130000002
k,52263.0,-60.68207169,3.676897287,2.226485252
k,52264.0,-60.68309402,3.73892498,2.417199135
k,52265.0,-60.68499374,3.8024570939999998,2.614789009
k,52266.0,-60.69379425,3.852140188,2.769835472
k,52267.0,-60.68754959,3.946589947,3.067609787
k,52268.0,-60.6844902,3.9978578089999997,3.21377182
k,52269.0,-60.68329620000001,4.065816402,3.4205112460000002
k,52270.0,-60.68944168,4.126590729,3.607898712
k,52271.0,-60.68138885,4.195272923,3.81819725
k,52272.0,-60.684230799999995,4.262208939,4.01499939
k,52273.0,-60.68027115,4.3255300519999995,4.205892563
k,52274.0,-60.68211365,4.393441677,4.411336899
k,52275.0,-60.47955322,3.077104092,0.386405468
k,52276.0,-60.47872162,3.141361952,0.5849034786
k,52277.0,-60.48609161,3.2085008619999997,0.7864439487
k,52278.0,-60.48488617,3.275555372,0.9837064743
k,52279.0,-60.48104095,3.34211731,1.190835953
k,52280.0,-60.48667145,3.4036345480000003,1.380116463
k,52281.0,-60.47358322,3.471331596,1.5858860019999999
k,52282.0,-60.4827652,3.535696507,1.78351593
k,52283.0,-60.48480606,3.589942217,1.9577417369999999
k,52284.0,-60.47408676,3.667886972,2.197995186
k,52285.0,-60.48417664,3.730084658,2.390542984
k,52286.0,-60.48693085,3.791198492,2.57878685
k,52287.0,-60.48059082,3.846844673,2.753228188
k,52288.0,-60.48204422,3.948176622,3.055610657
k,52289.0,-60.48270798,3.988228083,3.177570343
k,52290.0,-60.47029114,4.054159164,3.38111496
k,52291.0,-60.48588181,4.120172977,3.587234497
k,52292.0,-60.49086761,4.188354969,3.799850464
k,52293.0,-60.48825073,4.249533653,3.980400085
k,52294.0,-60.47840118,4.316504478,4.181423187
k,52295.0,-60.48518372,4.3827090260000015,4.381565094
k,52296.0,-60.29836273,3.0764725210000003,0.38352525229999995
k,52297.0,-60.30016708,3.14435792,0.592056036
k,52298.0,-60.29725647,3.203468561,0.7724149227
k,52299.0,-60.30868149,3.2715854639999997,0.9742941856
k,52300.0,-60.30494308,3.339452744,1.181139469
k,52301.0,-60.28876495,3.40690279,1.392653942
k,52302.0,-60.29630661,3.469906807,1.584095001
k,52303.0,-60.29601288,3.535182238,1.781897545
k,52304.0,-60.28087997,3.591418028,1.958920479
k,52305.0,-60.304946900000004,3.67112422,2.211080551
k,52306.0,-60.28950882,3.7288208010000004,2.390275955
k,52307.0,-60.29337311,3.7905683519999998,2.5800409319999997
k,52308.0,-60.28822327,3.84739852,2.7499217989999996
k,52309.0,-60.29158401,3.9514095780000003,3.0649948119999997
k,52310.0,-60.28333282,3.989502907,3.181324005
k,52311.0,-60.28490448,4.053119659,3.3777713780000003
k,52312.0,-60.28773879999999,4.12143898,3.5865821839999996
k,52313.0,-60.28481674,4.192046642,3.7997665410000003
k,52314.0,-60.28047943,4.252254009,3.983121872
k,52315.0,-60.28378296,4.318075657,4.18696785
k,52316.0,-60.28109741,4.381277084,4.379199982
k,52317.0,-60.07549286,3.084470272,0.4126685858
k,52318.0,-60.07064438,3.1520743369999997,0.6197416782
k,52319.0,-60.05615997,3.217596292,0.8161969185
k,52320.0,-60.03809738,3.290583134,1.030769825
k,52321.0,-60.03906631,3.351165295,1.218599796
k,52322.0,-60.0669632,3.418179035,1.426590443
k,52323.0,-60.06249237,3.479683876,1.6117429730000001
k,52324.0,-60.06537628,3.542657852,1.806043625
k,52325.0,-60.07075500000001,3.6005532739999997,1.987955093
k,52326.0,-60.05215836,3.680130005,2.237882614
k,52327.0,-60.05853653,3.736983061,2.414365768
k,52328.0,-60.07135773,3.801271677,2.612636566
k,52329.0,-60.06386185,3.854639769,2.773846626
k,52330.0,-60.08173752,3.957276583,3.083299637
k,52331.0,-60.07184219,4.000974178,3.217773438
k,52332.0,-60.08067322,4.06965971,3.4275264739999995
k,52333.0,-60.06951141,4.130534172,3.614606857
k,52334.0,-60.07878494,4.200919628,3.827112198
k,52335.0,-60.08510971,4.260703087,4.009084702
k,52336.0,-60.08952332,4.326901913,4.210237503
k,52337.0,-60.07820129,4.390844822,4.409151077
k,52338.0,-59.87985992,3.0762474539999998,0.3838998079
k,52339.0,-59.88562393,3.1433513160000004,0.5901451111
k,52340.0,-59.88044739,3.209621668,0.7882454395
k,52341.0,-59.87798691,3.276349783,0.9878358841
k,52342.0,-59.88075256,3.3425211910000003,1.192595482
k,52343.0,-59.88766098,3.405960798,1.38756609
k,52344.0,-59.88362503,3.4706118110000004,1.585865021
k,52345.0,-59.88091278,3.533554077,1.7809858319999998
k,52346.0,-59.88497543,3.585696459,1.9468479159999998
k,52347.0,-59.88904953,3.674799919,2.222651482
k,52348.0,-59.88524246,3.7272324560000003,2.384578705
k,52349.0,-59.884292599999995,3.791868925,2.585981369
k,52350.0,-59.88577271,3.847865582,2.76026535
k,52351.0,-59.88172531,3.95513916,3.076652527
k,52352.0,-59.880268099999995,3.990929842,3.185743332
k,52353.0,-59.88624191,4.055542469,3.384992599
k,52354.0,-59.88235474,4.122032642,3.59070015
k,52355.0,-59.88409042,4.187445641,3.789699554
k,52356.0,-59.88142014,4.253491402,3.99007225
k,52357.0,-59.88228226,4.318761826,4.191205978
k,52358.0,-59.88291931,4.380179405,4.380451202
k,52359.0,-59.67464066,3.084205627,0.4076628685
k,52360.0,-59.68027878,3.148779392,0.6058573722999999
k,52361.0,-59.67353439,3.22182107,0.8227133751000001
k,52362.0,-59.67853546,3.2850692269999997,1.0146112440000001
k,52363.0,-59.6788826,3.345966339,1.205928326
k,52364.0,-59.68107605,3.415068388,1.415672302
k,52365.0,-59.67863846,3.478903532,1.6099300380000001
k,52366.0,-59.68640137,3.5453751089999996,1.8172454830000002
k,52367.0,-59.67237091,3.599060535,1.9860343930000002
k,52368.0,-59.69312668,3.68534255,2.252220154
k,52369.0,-59.6776619,3.735209942,2.407412529
k,52370.0,-59.67495346,3.801680803,2.61674881
k,52371.0,-59.68644333,3.851186275,2.772108078
k,52372.0,-59.67885971,3.9516737460000004,3.067497253
k,52373.0,-59.68138885,3.99995923,3.2153396610000002
k,52374.0,-59.68341446,4.064801693,3.416185379
k,52375.0,-59.69001770000001,4.127038956,3.609588623
k,52376.0,-59.67962265,4.19614172,3.819356918
k,52377.0,-59.68187332,4.261264801,4.01599884
k,52378.0,-59.67941666,4.325618267,4.214696883999999
k,52379.0,-59.67594528,4.389886856,4.412176132
k,52380.0,-59.47828674,3.085433483,0.4090621471
k,52381.0,-59.47893524,3.15462923,0.6195385456
k,52382.0,-59.48410034,3.219101667,0.8154790401
k,52383.0,-59.48178864,3.283061504,1.008111954
k,52384.0,-59.48743439,3.345734835,1.204354763
k,52385.0,-59.47805405,3.411346436,1.4052543640000001
k,52386.0,-59.47441864,3.480768919,1.6157608030000001
k,52387.0,-59.48986053,3.546241045,1.819787025
k,52388.0,-59.48222351,3.598012686,1.981095314
k,52389.0,-59.48308563,3.6861150260000004,2.2510080340000003
k,52390.0,-59.47945404,3.740795851,2.420660973
k,52391.0,-59.48236847,3.80325675,2.617601395
k,52392.0,-59.47939301,3.852347851,2.772457123
k,52393.0,-59.48117828,3.95377636,3.07477951
k,52394.0,-59.47896576,3.998501778,3.212833405
k,52395.0,-59.48495483,4.063230515,3.411359787
k,52396.0,-59.485050199999996,4.1275110239999995,3.60997963
k,52397.0,-59.48579788,4.193906784,3.8137378689999997
k,52398.0,-59.47929382,4.2611980439999995,4.019048691
k,52399.0,-59.47880173,4.325880051,4.215595245
k,52400.0,-59.47755432,4.390776634,4.4155902860000005
k,52401.0,-59.27796936,3.0884058480000003,0.4233752489
k,52402.0,-59.28661346,3.151268482,0.6134541035000001
k,52403.0,-59.28337479,3.2153337000000004,0.8055949211
k,52404.0,-59.28559113,3.283003569,1.012026787
k,52405.0,-59.27825165,3.3456482889999997,1.209133625
k,52406.0,-59.27472687,3.414135218,1.4165091509999999
k,52407.0,-59.26926041,3.479036093,1.613033295
k,52408.0,-59.28199005,3.545051336,1.8182668690000001
k,52409.0,-59.28707123,3.5993411539999998,1.9872026440000001
k,52410.0,-59.28227615,3.689296246,2.260519981
k,52411.0,-59.28409576,3.741055727,2.4235496519999997
k,52412.0,-59.28924561,3.802034855,2.614154816
k,52413.0,-59.28684998,3.851162195,2.768428802
k,52414.0,-59.28601837,3.9551730160000003,3.078838348
k,52415.0,-59.28479004,3.9990334510000003,3.2141914369999998
k,52416.0,-59.28072357,4.062821388,3.410732269
k,52417.0,-59.28073883,4.128032684,3.612888336
k,52418.0,-59.28019714,4.1935820580000005,3.815841675
k,52419.0,-59.28190613,4.2596621510000015,4.015716553
k,52420.0,-59.27694702,4.3238568310000005,4.21222496
k,52421.0,-59.28524399,4.389810562,4.414318085
k,52422.0,-64.69070435,3.0883691310000003,0.3901515007
k,52423.0,-64.68836975,3.154523611,0.5939927101
k,52424.0,-64.67902374,3.221951962,0.8013305664
k,52425.0,-64.66075134,3.2845432760000004,0.9935903548999999
k,52426.0,-64.67016602,3.3465788360000004,1.1844792370000001
k,52427.0,-64.6844635,3.41592598,1.398549557
k,52428.0,-64.69849396,3.4794003960000004,1.595756531
k,52429.0,-64.69049835,3.545175552,1.799827576
k,52430.0,-64.68523407,3.60296154,1.982116699
k,52431.0,-64.68455505,3.6669931410000003,2.181147575
k,52432.0,-64.676651,3.7382407189999998,2.4004459380000003
k,52433.0,-64.68812561,3.797888279,2.583707809
k,52434.0,-64.67108154,3.845653772,2.733664513
k,52435.0,-64.69889832,3.953365564,3.054344177
k,52436.0,-64.68927002,3.996217012,3.184959412
k,52437.0,-64.69102478,4.062690258,3.387851715
k,52438.0,-64.68644714,4.1281433110000005,3.586027145
k,52439.0,-64.68661499,4.199274063,3.80232048
k,52440.0,-64.68081665,4.262766838,3.99499321
k,52441.0,-64.6709671,4.329253197,4.200803757
k,52442.0,-64.67036438,4.3911375999999995,4.391088486
k,52443.0,-59.08222579999999,3.079458237,0.4013563395000001
k,52444.0,-59.07935333,3.14844346,0.6097187996
k,52445.0,-59.08268738,3.217900991,0.8159894943000001
k,52446.0,-59.07826233,3.284756422,1.019655228
k,52447.0,-59.07997894,3.346648216,1.213630199
k,52448.0,-59.08875656,3.414022684,1.416947842
k,52449.0,-59.08572388,3.4754951000000003,1.604170799
k,52450.0,-59.08066559,3.540997505,1.806491852
k,52451.0,-59.07891846,3.599494934,1.9877786640000001
k,52452.0,-59.09339142,3.6865203380000002,2.254681587
k,52453.0,-59.08850098,3.73871994,2.417865753
k,52454.0,-59.08367538,3.8020851610000004,2.61371994
k,52455.0,-59.08516312,3.8526787760000003,2.77103138
k,52456.0,-59.07732773,3.953973055,3.075475693
k,52457.0,-59.08312225,3.9991147519999997,3.2148189539999996
k,52458.0,-59.08813477,4.06340313,3.4138832089999998
k,52459.0,-59.08469391,4.129282951,3.61693573
k,52460.0,-59.07577515,4.192304134,3.81003952
k,52461.0,-59.08375168,4.260828495,4.018796921
k,52462.0,-59.08452606,4.326013088,4.2171497339999995
k,52463.0,-59.09069824,4.389444828,4.4144153589999995
k,52464.0,-58.88333893,3.072933197,0.3821953535
k,52465.0,-58.88189697,3.1378057,0.5791494846
k,52466.0,-58.87208557,3.206020594,0.7828872204
k,52467.0,-58.88827515,3.272919178,0.9838476181
k,52468.0,-58.88542557,3.3384129999999996,1.187984943
k,52469.0,-58.879074100000004,3.4023051260000003,1.3825287819999998
k,52470.0,-58.89078522,3.4681413169999997,1.582294464
k,52471.0,-58.87943649,3.5359833239999996,1.79063797
k,52472.0,-58.87693024,3.594445467,1.972304344
k,52473.0,-58.87919998,3.676673174,2.226121902
k,52474.0,-58.8711319,3.731642723,2.394066811
k,52475.0,-58.88443756,3.795271397,2.589794159
k,52476.0,-58.88611603,3.8484921460000003,2.759331703
k,52477.0,-58.89658356,3.95039916,3.064733505
k,52478.0,-58.884552,3.9887597560000003,3.185966492
k,52479.0,-58.88602448,4.054764271,3.386787415
k,52480.0,-58.88270569,4.118737221,3.585969925
k,52481.0,-58.88009644,4.18611002,3.791372299
k,52482.0,-58.88625336,4.249733925,3.984706879
k,52483.0,-58.89004135,4.3152794839999995,4.183176041
k,52484.0,-58.87812424,4.381543159,4.3885593410000014
k,52485.0,-58.67750549,3.085544348,0.417129755
k,52486.0,-58.67968369,3.149440765,0.6158733368
k,52487.0,-58.67786789,3.218178511,0.8208806515000001
k,52488.0,-58.68034744,3.282805443,1.01666069
k,52489.0,-58.67670822,3.345561504,1.210896969
k,52490.0,-58.68377686,3.4138407710000003,1.4175190930000001
k,52491.0,-58.68937683,3.4809615610000004,1.620529175
k,52492.0,-58.67414856,3.541889906,1.809875488
k,52493.0,-58.67720795,3.602798939,2.001123428
k,52494.0,-58.68341827,3.690335989,2.269498825
k,52495.0,-58.68373108,3.740256548,2.420729637
k,52496.0,-58.68431091,3.806007385,2.623932838
k,52497.0,-58.69269562,3.8554668430000003,2.7753705980000003
k,52498.0,-58.67987823,3.9578232769999997,3.085561752
k,52499.0,-58.68601990000001,4.001244068,3.2225189210000003
k,52500.0,-58.69023132,4.066358566,3.423650742
k,52501.0,-58.67950058,4.130229473,3.620103836
k,52502.0,-58.68231964,4.195903301,3.8202304839999996
k,52503.0,-58.68456268,4.260159492,4.015283585
k,52504.0,-58.68253326,4.327789783,4.221124649
k,52505.0,-58.68360901,4.391612053,4.419996262
k,52506.0,-58.48554229999999,3.0844681260000004,0.41869044299999997
k,52507.0,-58.47777557,3.148124695,0.615688324
k,52508.0,-58.48254776,3.2187802789999997,0.8255248070000001
k,52509.0,-58.47928238,3.282440424,1.0183987620000001
k,52510.0,-58.48866653,3.347419739,1.218723297
k,52511.0,-58.48218918,3.4119629860000003,1.41426897
k,52512.0,-58.48885345,3.4752898219999997,1.60594368
k,52513.0,-58.47520065,3.5435271260000003,1.816532135
k,52514.0,-58.48693848,3.603731155,2.004034042
k,52515.0,-58.49204254,3.687477589,2.259754181
k,52516.0,-58.48415756,3.7382128239999997,2.415707588
k,52517.0,-58.48028564,3.8031644819999997,2.615686417
k,52518.0,-58.48283768,3.850118399,2.760493279
k,52519.0,-58.49308014,3.954646111,3.076871872
k,52520.0,-58.48575211,4.001060009,3.221786499
k,52521.0,-58.48498917,4.06482172,3.41916275
k,52522.0,-58.48799133,4.1281805039999995,3.6142406460000003
k,52523.0,-58.48668671,4.198572158999999,3.828584671
k,52524.0,-58.48411179,4.262317181,4.020809174
k,52525.0,-58.48246002,4.325851917,4.215719223
k,52526.0,-58.48419571,4.390358925,4.416511536000001
k,52527.0,-58.27761841,3.085822344,0.4230661392
k,52528.0,-58.27262115,3.150340557,0.6222860813000001
k,52529.0,-58.2844162,3.2183599469999997,0.8248698711
k,52530.0,-58.28177643,3.28147006,1.016020298
k,52531.0,-58.28591156,3.346984625,1.217019081
k,52532.0,-58.28285217,3.414289474,1.42390728
k,52533.0,-58.28371429,3.4779338839999996,1.616157532
k,52534.0,-58.28636932,3.543640375,1.816809654
k,52535.0,-58.28644562,3.605151653,2.008589745
k,52536.0,-58.28385162,3.691182613,2.277979851
k,52537.0,-58.27898026,3.739643335,2.422899246
k,52538.0,-58.27642059,3.804364681,2.621702194
k,52539.0,-58.29036713,3.850845814,2.7655611039999997
k,52540.0,-58.29599762,3.9570472239999996,3.084640503
k,52541.0,-58.28607178,3.99984479,3.219100952
k,52542.0,-58.28594208,4.067430496,3.427301407
k,52543.0,-58.28889084,4.12790966,3.6129760739999996
k,52544.0,-58.27957916,4.1996407510000004,3.8321743010000002
k,52545.0,-58.28517914,4.2599701880000005,4.015918732
k,52546.0,-58.28097534,4.325933933,4.216592789
k,52547.0,-58.28087616,4.388483047,4.411064148
k,52548.0,-58.08314514,3.075441837,0.3920906782
k,52549.0,-58.08857727,3.1390895839999997,0.5894167423
k,52550.0,-58.08574677,3.2073996069999997,0.7949113845999999
k,52551.0,-58.08929443,3.2717053889999996,0.9875531197
k,52552.0,-58.09247589,3.3386518960000005,1.194913864
k,52553.0,-58.098526,3.40608573,1.4001436230000002
k,52554.0,-58.10299683,3.4700987339999996,1.592243195
k,52555.0,-58.09909439,3.5351111889999998,1.7851257319999998
k,52556.0,-58.10478973,3.601780176,1.9937782290000001
k,52557.0,-58.10004807,3.672496319,2.221311569
k,52558.0,-58.09872055,3.7309889789999997,2.393832207
k,52559.0,-58.09610367,3.795146465,2.591840744
k,52560.0,-58.10015106,3.849256277,2.755064964
k,52561.0,-58.08541107,3.951791048,3.069793701
k,52562.0,-58.10108185,3.992387056,3.197458267
k,52563.0,-58.10235596,4.056955814,3.394908905
k,52564.0,-58.09909821,4.122487068,3.6004409789999996
k,52565.0,-58.09626770000001,4.1867156030000015,3.794862747
k,52566.0,-58.10613632,4.249055386,3.989328384
k,52567.0,-58.09307861,4.315624714,4.19238472
k,52568.0,-58.07944489,4.382425785,4.401414871
k,52569.0,-57.897735600000004,3.0830814839999996,0.4188078642
k,52570.0,-57.88923264,3.147537947,0.6169338226
k,52571.0,-57.90513611,3.203568935,0.7910621165999999
k,52572.0,-57.85780334,3.2486555580000003,0.9754815102
k,52573.0,-57.90880585,3.362321377,1.2709455490000001
k,52574.0,-57.87615967,3.413759947,1.4314455990000001
k,52575.0,-57.87140656,3.4747512339999997,1.61520195
k,52576.0,-57.89525223,3.541826248,1.8134756090000002
k,52577.0,-57.888080599999995,3.602022648,2.001220703
k,52578.0,-57.88730621,3.693340063,2.294688225
k,52579.0,-57.88032532,3.7355530260000003,2.4200706480000003
k,52580.0,-57.88008881,3.80254674,2.624019623
k,52581.0,-57.88752747,3.853569984,2.7788887019999997
k,52582.0,-57.89949799,3.955483913,3.083011627
k,52583.0,-57.88046265,4.000923633999999,3.230552673
k,52584.0,-57.8896637,4.066500187,3.4271869660000003
k,52585.0,-57.89437103,4.122123718,3.6007881160000004
k,52586.0,-57.87145615,4.192755699,3.819835663
k,52587.0,-57.883876799999996,4.256476879,4.00686264
k,52588.0,-57.89073563,4.321201801,4.212268829
k,52589.0,-57.88830566,4.38297987,4.401325226
k,52590.0,-57.68285751,3.0734713080000002,0.3887686729
k,52591.0,-57.68058777,3.136999846,0.5863282681
k,52592.0,-57.67542648,3.200955153,0.7838582993000001
k,52593.0,-57.6760025,3.2520813939999997,0.9603123665000001
k,52594.0,-57.68582153,3.339840889,1.2034058570000001
k,52595.0,-57.68608856,3.406803608,1.4076642990000001
k,52596.0,-57.68524933,3.463270187,1.585562706
k,52597.0,-57.67810822,3.532980442,1.7935066219999998
k,52598.0,-57.6775589,3.5928814410000003,1.9798345569999998
k,52599.0,-57.6413765,3.6627662180000002,2.193744659
k,52600.0,-57.67683029,3.729545355,2.401464462
k,52601.0,-57.65671539,3.790014029,2.585436821
k,52602.0,-57.66445923,3.849588633,2.766440392
k,52603.0,-57.66448975,3.9522182939999997,3.073469162
k,52604.0,-57.65685654,3.993177891,3.199586868
k,52605.0,-57.659988399999996,4.057293892,3.3981323239999996
k,52606.0,-57.66574097,4.117640972,3.5856990810000005
k,52607.0,-57.67494202,4.179179192,3.775894165
k,52608.0,-57.68037415,4.253629684,3.9982185360000004
k,52609.0,-57.67607498,4.3125357630000005,4.177974701
k,52610.0,-57.68629456,4.392257214,4.424411774
k,52611.0,-57.46324539,3.08740592,0.42712914939999996
k,52612.0,-57.45833588,3.15000701,0.6207356453
k,52613.0,-57.45265198,3.215355396,0.8191421031999999
k,52614.0,-57.45684814,3.282756567,1.0260510440000001
k,52615.0,-57.465454099999995,3.3468465810000003,1.221321106
k,52616.0,-57.46430969,3.41261673,1.422343254
k,52617.0,-57.47753906,3.4769048689999997,1.6171464919999998
k,52618.0,-57.47317886,3.541425943,1.816477776
k,52619.0,-57.48503113,3.6103758810000004,2.030153275
k,52620.0,-57.49710083,3.677623749,2.23111248
k,52621.0,-57.47465515,3.740677595,2.430757523
k,52622.0,-57.47921753,3.8033907410000003,2.627725601
k,52623.0,-57.49010468,3.851396561,2.776939392
k,52624.0,-57.48851776,3.9547588830000002,3.086874008
k,52625.0,-57.48287582,3.9990203380000002,3.220445633
k,52626.0,-57.48176575,4.066418648,3.4248828889999996
k,52627.0,-57.48124313,4.129473686,3.6190605160000002
k,52628.0,-57.47860336,4.192209244,3.8127708439999997
k,52629.0,-57.49565887,4.2638006210000015,4.025577545
k,52630.0,-57.49986267,4.326987267,4.2157497410000015
k,52631.0,-57.49465179,4.402758121000001,4.448749542
k,52632.0,-57.28960419,3.084400415,0.42369985579999997
k,52633.0,-57.29330063,3.147546768,0.6138923168
k,52634.0,-57.29095459,3.2164118289999997,0.8237681389
k,52635.0,-57.30183792,3.2832729819999997,1.030923367
k,52636.0,-57.29379654,3.345716715,1.222874641
k,52637.0,-57.27783585,3.4103908539999996,1.4188723559999998
k,52638.0,-57.28029633,3.4793868060000004,1.626720428
k,52639.0,-57.28405762,3.53987956,1.815769196
k,52640.0,-57.2835083,3.6077082160000002,2.029260635
k,52641.0,-57.27386475,3.666640043,2.213608742
k,52642.0,-57.28449249,3.738834858,2.4325037
k,52643.0,-57.28364563,3.7995488639999997,2.621608734
k,52644.0,-57.289607999999994,3.848283768,2.7715644839999998
k,52645.0,-57.26695633,3.954702377,3.087907791
k,52646.0,-57.27592087,3.9987001419999997,3.2206878660000005
k,52647.0,-57.27653503,4.063912392,3.4222106930000002
k,52648.0,-57.27877045,4.128602028,3.621517181
k,52649.0,-57.27954865,4.190165997,3.8082580569999998
k,52650.0,-57.26313019,4.26147604,4.02040863
k,52651.0,-57.27107239,4.323660374,4.210319519
k,52652.0,-57.26869202,4.392931461,4.4182186130000005
k,52653.0,-64.50968933,3.09275794,0.4070771933
k,52654.0,-64.50305176,3.159447908,0.6107039452
k,52655.0,-64.49510193,3.221794128,0.8043894768000001
k,52656.0,-64.49596405,3.2868442539999996,1.006817818
k,52657.0,-64.48138428,3.347246647,1.1943726540000001
k,52658.0,-64.47945404,3.4135801789999998,1.397021294
k,52659.0,-64.46027374,3.478221655,1.596785545
k,52660.0,-64.46808624,3.542700768,1.7971687319999998
k,52661.0,-64.48770142,3.6100137230000002,2.0047845840000003
k,52662.0,-64.50895691,3.66557765,2.177625656
k,52663.0,-64.49497986,3.741636515,2.413803101
k,52664.0,-64.50127411,3.801868916,2.598608971
k,52665.0,-64.4803009,3.845018387,2.7343130110000002
k,52666.0,-64.46764374,3.957074165,3.0662651060000004
k,52667.0,-64.48864746,3.997871637,3.19389534
k,52668.0,-64.47698975,4.064351082,3.398286819
k,52669.0,-64.47674561,4.129499912,3.59614563
k,52670.0,-64.47705078,4.200131893,3.809453964
k,52671.0,-64.48445129,4.260151863,3.9913291930000003
k,52672.0,-64.48429871,4.330030918,4.204576492
k,52673.0,-64.48138428,4.3936662669999995,4.399116516
k,52674.0,-57.07136917,3.0767488480000003,0.4065358639
k,52675.0,-57.07706451,3.141997576,0.6034762859
k,52676.0,-57.07849121,3.2078900339999996,0.8005321026000001
k,52677.0,-57.08063507,3.27203393,0.9961280823
k,52678.0,-57.06550598,3.337029457,1.199653625
k,52679.0,-57.06169128,3.4015738960000004,1.3945007319999998
k,52680.0,-57.09371948,3.467424393,1.591538429
k,52681.0,-57.09812546,3.5326972010000004,1.7937412259999999
k,52682.0,-57.1015625,3.6015167239999997,2.017348289
k,52683.0,-57.07775116,3.655327082,2.183141708
k,52684.0,-57.085289,3.7319226260000002,2.413903236
k,52685.0,-57.08804321,3.796408415,2.613049507
k,52686.0,-57.08812714,3.846126318,2.767177582
k,52687.0,-57.09931183,3.946894646,3.064170837
k,52688.0,-57.09901428,3.992104292,3.200515747
k,52689.0,-57.09966278,4.056677818,3.399770737
k,52690.0,-57.09233856,4.119285583,3.5975131989999998
k,52691.0,-57.07260513,4.183267117,3.7974929810000004
k,52692.0,-57.09489441,4.25079298,3.995433807
k,52693.0,-57.08584595,4.321427345,4.204750061
k,52694.0,-57.07661057,4.3878364560000005,4.402118683
k,52695.0,-56.87648773,3.080810547,0.41967988009999996
k,52696.0,-56.88578415,3.147447586,0.6219322681
k,52697.0,-56.891716,3.213987827,0.8207616806
k,52698.0,-56.89430618,3.2821886539999996,1.0279684070000001
k,52699.0,-56.89429092,3.345620155,1.225202084
k,52700.0,-56.89925766,3.413259983,1.4281125069999998
k,52701.0,-56.89887619,3.4791810510000003,1.6277313230000001
k,52702.0,-56.90189743,3.53224206,1.801176071
k,52703.0,-56.913776399999996,3.58792448,1.993770599
k,52704.0,-56.87811279,3.6864402289999996,2.277143478
k,52705.0,-56.88820267,3.73793745,2.4356021880000003
k,52706.0,-56.87744141,3.798970222,2.621575356
k,52707.0,-56.85401154,3.851976871,2.779220581
k,52708.0,-56.87801743,3.94724369,3.084363937
k,52709.0,-56.88614655,3.99302721,3.228536606
k,52710.0,-56.87485504,4.06741333,3.4401683810000003
k,52711.0,-56.8718338,4.12899065,3.629922867
k,52712.0,-56.865448,4.195133209,3.832250595
k,52713.0,-56.87855911,4.254447937,4.0171890260000005
k,52714.0,-56.88004303,4.321908951,4.221879959
k,52715.0,-56.88067627,4.397081375,4.433216095
k,52716.0,-56.7000618,3.07813549,0.4168972969
k,52717.0,-56.68180466,3.1466822619999997,0.6219995022
k,52718.0,-56.65032196,3.2163267139999996,0.8313283920000001
k,52719.0,-56.65211487,3.2824528219999998,1.03514719
k,52720.0,-56.67425537,3.347622395,1.234659195
k,52721.0,-56.65962601,3.414005518,1.433642387
k,52722.0,-56.65948486,3.477019072,1.622103691
k,52723.0,-56.65932465,3.543493986,1.826284409
k,52724.0,-56.62361526,3.588427067,1.978413582
k,52725.0,-56.69948578,3.678029299,2.2539196009999998
k,52726.0,-56.701828000000006,3.7408747669999998,2.443786621
k,52727.0,-56.69264984,3.80176878,2.635397911
k,52728.0,-56.69983673,3.84786272,2.772752762
k,52729.0,-56.69823074,3.937713861,3.081054688
k,52730.0,-56.68943787,3.9940190319999997,3.2324466710000004
k,52731.0,-56.70175934,4.066565037,3.43665123
k,52732.0,-56.6968689,4.127586365,3.624389648
k,52733.0,-56.67801666,4.200985909,3.842693329
k,52734.0,-56.68818665,4.2631945610000015,4.0291366580000005
k,52735.0,-56.66143799,4.327129364,4.225107193
k,52736.0,-56.66326141,4.397530079,4.435102463
k,52737.0,-56.47143173,3.077802181,0.417396307
k,52738.0,-56.47822189,3.1438272,0.6163542271
k,52739.0,-56.48758698,3.213863134,0.8268005848000001
k,52740.0,-56.49546814,3.279529333,1.026465893
k,52741.0,-56.49631882,3.344480515,1.227368355
k,52742.0,-56.49067307,3.4044840339999998,1.4076175690000001
k,52743.0,-56.50077438,3.477284193,1.622665405
k,52744.0,-56.53088760000001,3.5415947439999997,1.823732376
k,52745.0,-56.48551941,3.596873522,2.0063428880000003
k,52746.0,-56.47415543,3.663194895,2.248222351
k,52747.0,-56.47865295,3.7213926319999997,2.413412094
k,52748.0,-56.46235275,3.796592712,2.63020134
k,52749.0,-56.47782898,3.842457056,2.7570381160000004
k,52750.0,-56.46293259,3.948298931,3.081138611
k,52751.0,-56.46442795,3.9977142810000004,3.2267608639999996
k,52752.0,-56.46459961,4.064235687,3.4239025119999997
k,52753.0,-56.47367859,4.13218832,3.630613327
k,52754.0,-56.47717285,4.19916153,3.833230972
k,52755.0,-56.47651291,4.262717724,4.026315689
k,52756.0,-56.47943878,4.3240675930000005,4.211984633999999
k,52757.0,-56.48001862,4.394608021,4.42159462
k,52758.0,-56.29309464,3.0836265089999997,0.43684339520000004
k,52759.0,-56.27870941,3.148267031,0.6302886009
k,52760.0,-56.27813339,3.21214962,0.8203816414
k,52761.0,-56.2755127,3.2810816760000003,1.030966282
k,52762.0,-56.26337814,3.3490366939999996,1.243565083
k,52763.0,-56.26390076,3.411588907,1.435767174
k,52764.0,-56.26672363,3.475932121,1.6313285830000002
k,52765.0,-56.26931,3.5347886089999996,1.824682236
k,52766.0,-56.27746201,3.599351883,2.025508881
k,52767.0,-56.28001022,3.66818428,2.249047279
k,52768.0,-56.27923584,3.7345063689999995,2.432341576
k,52769.0,-56.28120422,3.799897432,2.628722191
k,52770.0,-56.29606628,3.84766078,2.7684021
k,52771.0,-56.28331375,3.953969002,3.086414337
k,52772.0,-56.29668045,3.9993872639999997,3.227796555
k,52773.0,-56.28262329,4.0653624530000005,3.4284820560000004
k,52774.0,-56.28614044,4.132445812,3.631565094
k,52775.0,-56.27975464,4.202929974,3.843708038
k,52776.0,-56.27716446,4.266432285,4.0371418
k,52777.0,-56.28397751,4.32702446,4.21963501
k,52778.0,-56.27066039999999,4.398818493,4.432592392
k,52779.0,-56.06872177,3.083509207,0.43225753310000004
k,52780.0,-56.07509232,3.14834857,0.6306152344
k,52781.0,-56.08056641,3.2165045739999996,0.8304440975
k,52782.0,-56.07774734,3.2809307580000002,1.028680325
k,52783.0,-56.08069611,3.347652674,1.238843918
k,52784.0,-56.08090973,3.4063301089999998,1.423689365
k,52785.0,-56.08546066,3.473551035,1.616644859
k,52786.0,-56.08115768,3.537302494,1.817030907
k,52787.0,-56.08770752,3.6010074619999997,2.012218475
k,52788.0,-56.09938812,3.6791095730000003,2.263362885
k,52789.0,-56.08895874,3.7365224360000004,2.425361633
k,52790.0,-56.08220673,3.79918623,2.616156578
k,52791.0,-56.08046341,3.852623463,2.772050858
k,52792.0,-56.0921402,3.951921463,3.080617905
k,52793.0,-56.08397293,3.998693943,3.2238311769999997
k,52794.0,-56.08607483,4.063581944,3.4227390289999997
k,52795.0,-56.09072113,4.129552363999999,3.624938965
k,52796.0,-56.08280182,4.19701004,3.826494217
k,52797.0,-56.08129883,4.2606749530000005,4.020702362
k,52798.0,-56.07894897,4.329383373,4.2261257169999995
k,52799.0,-56.0782814,4.395848751,4.421510696
k,52800.0,-55.883331299999995,3.082466125,0.42608857149999996
k,52801.0,-55.87978363,3.147963285,0.6257572174
k,52802.0,-55.90533447,3.213559389,0.8233094215000001
k,52803.0,-55.89983368,3.280398846,1.026654243
k,52804.0,-55.90216064,3.3454658989999997,1.2351908679999999
k,52805.0,-55.90591812,3.4045000080000003,1.425993443
k,52806.0,-55.8864975,3.4740052219999997,1.624197006
k,52807.0,-55.88431931,3.5385665889999998,1.8211498259999999
k,52808.0,-55.89069748,3.605620384,2.025422096
k,52809.0,-55.89003754,3.678559303,2.254357338
k,52810.0,-55.88758087,3.736347437,2.428015709
k,52811.0,-55.86511993,3.803910732,2.633896828
k,52812.0,-55.88072205,3.854580641,2.7831249239999996
k,52813.0,-55.8662796,3.954614878,3.092515945
k,52814.0,-55.872715,3.998772621,3.2247581480000003
k,52815.0,-55.87516022,4.066301346,3.433677673
k,52816.0,-55.88288116,4.130214691,3.629369736
k,52817.0,-55.88539124,4.198500633,3.833028793
k,52818.0,-55.87981033,4.264257908,4.028297424
k,52819.0,-55.87815475,4.32941103,4.224317551
k,52820.0,-55.8758812,4.399430752,4.428649902
k,52821.0,-55.66824722,3.0805740360000002,0.4205547571
k,52822.0,-55.64923859,3.1475648880000002,0.6289527415999999
k,52823.0,-55.65765381,3.2124650480000003,0.8225643635
k,52824.0,-55.67404556,3.281499624,1.031306744
k,52825.0,-55.66718292,3.344913721,1.2299661640000001
k,52826.0,-55.68766403,3.408515692,1.424634933
k,52827.0,-55.70585251,3.4757056239999997,1.6236572269999998
k,52828.0,-55.69261551,3.539185762,1.8186273569999998
k,52829.0,-55.67936325,3.6109788419999997,2.044167519
k,52830.0,-55.63451385,3.684703112,2.26663208
k,52831.0,-55.69105148,3.739269733,2.440463066
k,52832.0,-55.70722961,3.8028438089999996,2.6323070530000003
k,52833.0,-55.69562149,3.851408005,2.777650833
k,52834.0,-55.69446945,3.957247972,3.1004219060000002
k,52835.0,-55.68760681,4.000865459,3.2302932739999997
k,52836.0,-55.68238831,4.065886497,3.432193756
k,52837.0,-55.68038559,4.129419803999999,3.629339218
k,52838.0,-55.68947983,4.199104309,3.8351726530000003
k,52839.0,-55.67736435,4.2645096780000005,4.031572342
k,52840.0,-55.68136215,4.330587387,4.226640701
k,52841.0,-55.68819046,4.39934206,4.430908203
k,52842.0,-55.48340607,3.08327961,0.4235236645
k,52843.0,-55.48070908,3.1468744280000003,0.6217463017
k,52844.0,-55.46901703,3.207702398,0.8105254173
k,52845.0,-55.51399612,3.273334265,1.0110006329999999
k,52846.0,-55.53668213,3.3418724539999998,1.223385334
k,52847.0,-55.4905777,3.412292719,1.4425811769999999
k,52848.0,-55.47208405,3.474117517,1.6244373319999998
k,52849.0,-55.46670151,3.540579081,1.824238777
k,52850.0,-55.47454071,3.599706411,2.006871223
k,52851.0,-55.49901199,3.684159517,2.26803112
k,52852.0,-55.49064636,3.7408638,2.438913345
k,52853.0,-55.47924805,3.8027062419999997,2.627459526
k,52854.0,-55.4782486,3.8533127310000004,2.7825059889999997
k,52855.0,-55.49160004,3.9552223680000003,3.0958213810000004
k,52856.0,-55.48293686,3.998426914,3.2257347110000003
k,52857.0,-55.47716141,4.06138134,3.4172306060000004
k,52858.0,-55.48503113,4.129654884,3.6252117160000004
k,52859.0,-55.48445129,4.196981907,3.829467773
k,52860.0,-55.47835541,4.2599034310000015,4.01924324
k,52861.0,-55.48379517,4.327418327,4.221218109
k,52862.0,-55.4802475,4.399163723,4.430250168
k,52863.0,-55.29094315,3.080293417,0.4192149639
k,52864.0,-55.3026886,3.145671606,0.6212208271
k,52865.0,-55.29724884,3.211407185,0.8236386776000001
k,52866.0,-55.24763107,3.265014648,0.9959592818999999
k,52867.0,-55.26171875,3.3469409939999997,1.234865665
k,52868.0,-55.27827835,3.413491249,1.440220356
k,52869.0,-55.28108978,3.4738845830000002,1.624651909
k,52870.0,-55.27216339,3.5392742160000004,1.825807571
k,52871.0,-55.27933884,3.598187685,2.0051708219999997
k,52872.0,-55.28306198,3.681742191,2.263936043
k,52873.0,-55.28134918,3.7393891810000004,2.440371513
k,52874.0,-55.28449631,3.801341772,2.6271562580000003
k,52875.0,-55.28196335,3.8510744569999997,2.7790994639999997
k,52876.0,-55.28342438,3.952145815,3.088258743
k,52877.0,-55.27393723,3.996284008,3.2217617030000003
k,52878.0,-55.28566742,4.061610222,3.422592163
k,52879.0,-55.27874756,4.1289453510000005,3.6271381380000003
k,52880.0,-55.28282166,4.19758749,3.834129333
k,52881.0,-55.27816772,4.2591443060000005,4.020223618
k,52882.0,-55.28487015,4.329207897,4.22445488
k,52883.0,-55.27095413,4.397459507,4.4247112269999995
k,52884.0,-64.27593231,3.090735674,0.4019902945
k,52885.0,-64.26824951,3.153270721,0.5943393707
k,52886.0,-64.27378845,3.217846394,0.7941610813
k,52887.0,-64.2624054,3.28410697,1.000178814
k,52888.0,-64.26586914,3.345529318,1.191568851
k,52889.0,-64.28677368,3.415712357,1.4056200980000002
k,52890.0,-64.31671143,3.478070974,1.597120285
k,52891.0,-64.31776428,3.5426225660000004,1.800255775
k,52892.0,-64.30157471,3.6018772130000003,1.986486435
k,52893.0,-64.271698,3.651221275,2.163173676
k,52894.0,-64.31005859,3.74286294,2.424723625
k,52895.0,-64.295578,3.805887461,2.615114212
k,52896.0,-64.27896118,3.8480100630000003,2.744360924
k,52897.0,-64.27644348,3.955152988,3.067169189
k,52898.0,-64.28146362,4.001169205,3.2092533110000003
k,52899.0,-64.27988434,4.066730499,3.4077377319999997
k,52900.0,-64.28717804,4.128761292,3.595312119
k,52901.0,-64.28276062,4.199615955,3.809038162
k,52902.0,-64.28129578,4.26271677,3.997922897
k,52903.0,-64.27404785,4.326976776,4.194976807
k,52904.0,-64.27864075,4.401509762,4.420354843
k,52905.0,-55.0878067,3.082056761,0.4305214882
k,52906.0,-55.08888245,3.1426827910000004,0.6188406944
k,52907.0,-55.06381989,3.2155935760000003,0.8364582062
k,52908.0,-55.0772171,3.2790091039999996,1.0296530720000001
k,52909.0,-55.08219528,3.3420093060000005,1.2218174929999999
k,52910.0,-55.07939911,3.410322428,1.428991795
k,52911.0,-55.07976151,3.472912788,1.623316765
k,52912.0,-55.08699036,3.5422346589999996,1.837015152
k,52913.0,-55.08277893,3.60004425,2.013991356
k,52914.0,-55.07684326,3.683674812,2.271209717
k,52915.0,-55.07527542,3.7378389839999997,2.440171242
k,52916.0,-55.08181,3.801031113,2.6275482180000003
k,52917.0,-55.07981873,3.8510522839999997,2.778231621
k,52918.0,-55.083004,3.954145193,3.093915939
k,52919.0,-55.08719635,4.000348568,3.232627869
k,52920.0,-55.08521271,4.063013553999999,3.426990509
k,52921.0,-55.08636856,4.126627445,3.61987114
k,52922.0,-55.08638763,4.199725628,3.837465286
k,52923.0,-55.08062744,4.264175892,4.031627655
k,52924.0,-55.07828903,4.329829693,4.224973679
k,52925.0,-55.08079529,4.399652004,4.431354523
k,52926.0,-54.87257767,3.0836124419999997,0.4353377819
k,52927.0,-54.89519882,3.1478741169999997,0.6361095904999999
k,52928.0,-54.88967133,3.2120311260000003,0.8312966824
k,52929.0,-54.88399124,3.280848503,1.0343356129999999
k,52930.0,-54.87672043,3.345528126,1.233981609
k,52931.0,-54.87705231,3.408833027,1.426077366
k,52932.0,-54.87871170000001,3.471131563,1.618288994
k,52933.0,-54.87967682,3.536102057,1.82207489
k,52934.0,-54.90213394,3.598829269,2.013363838
k,52935.0,-54.88726807,3.680927992,2.262420654
k,52936.0,-54.88406754,3.737844229,2.437696457
k,52937.0,-54.89151382,3.802133799,2.629006386
k,52938.0,-54.88505936,3.8534913060000004,2.780991554
k,52939.0,-54.88000107,3.951902151,3.089956284
k,52940.0,-54.88367844,4.000598431,3.233158112
k,52941.0,-54.88442612,4.065057278,3.4298954010000005
k,52942.0,-54.88398743,4.132080078,3.632436752
k,52943.0,-54.88601685,4.201317787,3.840867996
k,52944.0,-54.88435364,4.265204906,4.033222198
k,52945.0,-54.87941360000001,4.331274509,4.229476929
k,52946.0,-54.88857651,4.397929668,4.426671982
k,52947.0,-54.67250443,3.0795898439999996,0.4251189232
k,52948.0,-54.67884445,3.146618605,0.6309525967
k,52949.0,-54.68062592,3.212873459,0.8343319893000001
k,52950.0,-54.68370438,3.2784388069999997,1.0282759670000001
k,52951.0,-54.68617629999999,3.344498158,1.230588913
k,52952.0,-54.69604492,3.4096138480000002,1.4293184280000002
k,52953.0,-54.68968964,3.472722292,1.622171402
k,52954.0,-54.68243027,3.535405636,1.81972599
k,52955.0,-54.67546082,3.5864095689999997,1.983891487
k,52956.0,-54.68367004,3.682535648,2.267279625
k,52957.0,-54.67506409,3.736696005,2.43029213
k,52958.0,-54.67926025,3.8022940160000003,2.626779556
k,52959.0,-54.68119812,3.855271578,2.786980629
k,52960.0,-54.68109894,3.952952147,3.09131813
k,52961.0,-54.68124771,3.999621868,3.23235321
k,52962.0,-54.67520905,4.065254211,3.4311504360000002
k,52963.0,-54.68711853,4.129989623999999,3.627019882
k,52964.0,-54.68263626,4.198126793,3.832670212
k,52965.0,-54.68405151,4.2636632919999995,4.029169083
k,52966.0,-54.68389893,4.3293738369999994,4.2245883939999995
k,52967.0,-54.68441391,4.397901058,4.427507401000001
k,52968.0,-54.47996521,3.079140425,0.4277279377000001
k,52969.0,-54.49076843,3.1447892189999997,0.6268820763
k,52970.0,-54.47305298,3.210577488,0.8238501548999999
k,52971.0,-54.48159409,3.2751827239999995,1.019272327
k,52972.0,-54.47258377,3.340480804,1.2253890040000002
k,52973.0,-54.48786163,3.409368992,1.4302020069999999
k,52974.0,-54.47418594,3.474647045,1.6285428999999998
k,52975.0,-54.49725342,3.5409796239999998,1.83202076
k,52976.0,-54.47455597,3.587587595,1.993244171
k,52977.0,-54.49045181,3.683133841,2.271244049
k,52978.0,-54.48447418,3.7358217239999996,2.429153442
k,52979.0,-54.48679352,3.802649498,2.6329813
k,52980.0,-54.48025894,3.8529248239999996,2.777907372
k,52981.0,-54.47783279,3.954395294,3.0964317319999997
k,52982.0,-54.48266602,3.997234583,3.2244777680000003
k,52983.0,-54.48199463,4.064848423,3.430107117
k,52984.0,-54.47982407,4.126995087,3.6230316160000013
k,52985.0,-54.47727966,4.198055267,3.834037781
k,52986.0,-54.47784424,4.261888504,4.026222229
k,52987.0,-54.48031235,4.331306458,4.230119705
k,52988.0,-54.47771835,4.397604942,4.427444458
k,52989.0,-54.27417374,3.079945564,0.43091666700000003
k,52990.0,-54.28268433,3.147255182,0.6332924366
k,52991.0,-54.28068924,3.215235472,0.8379352093000001
k,52992.0,-54.27506256,3.2792496680000003,1.034879208
k,52993.0,-54.28436661,3.34439826,1.2368845940000002
k,52994.0,-54.29289627,3.406128645,1.423005581
k,52995.0,-54.28674316,3.475216627,1.6295471190000002
k,52996.0,-54.27959442,3.539690256,1.831863403
k,52997.0,-54.26652908,3.590918541,2.005833626
k,52998.0,-54.27135086,3.6806969639999996,2.26300621
k,52999.0,-54.28448105,3.734031916,2.426115036
k,521000.0,-54.27692032,3.803569794,2.638189316
k,521001.0,-54.27471924,3.847023487,2.772054672
k,521002.0,-54.29268646,3.9552094939999995,3.100179672
k,521003.0,-54.29553604,3.997618675,3.23320961
k,521004.0,-54.28956985,4.067245483,3.440689087
k,521005.0,-54.28267288,4.130144119,3.6310329439999998
k,521006.0,-54.28232193,4.199336529,3.838373184
k,521007.0,-54.27597046,4.262126446,4.027462006
k,521008.0,-54.28577423,4.33289957,4.236009598
k,521009.0,-54.29007339,4.398032188,4.428461075
k,521010.0,-54.08591843,3.0772182939999997,0.429233551
k,521011.0,-54.10041428,3.143688917,0.6248266697
k,521012.0,-54.09243011,3.212694645,0.8319063187000001
k,521013.0,-54.08795547,3.273014545,1.016139984
k,521014.0,-54.08070374,3.342728615,1.235470295
k,521015.0,-54.07585907,3.407546043,1.433592796
k,521016.0,-54.08485031,3.4732823369999997,1.620804787
k,521017.0,-54.07831573,3.541009665,1.8302230830000001
k,521018.0,-54.07739639,3.601593494,2.013736725
k,521019.0,-54.09395218,3.6776070589999996,2.249696732
k,521020.0,-54.08953476,3.7395372389999997,2.439202309
k,521021.0,-54.08182144,3.8024063110000004,2.6314945219999997
k,521022.0,-54.09861374,3.849997997,2.777365685
k,521023.0,-54.09248352,3.95672965,3.102136612
k,521024.0,-54.09868622,3.9956867689999997,3.228328705
k,521025.0,-54.09785843,4.066627502,3.440496445
k,521026.0,-54.09500122,4.128455638999999,3.6292705539999996
k,521027.0,-54.08594513,4.198282241999999,3.839393616
k,521028.0,-54.09169388,4.2624897960000006,4.027158737
k,521029.0,-54.0836525,4.3303017619999995,4.232761383
k,521030.0,-54.08986282,4.389192104,4.413614273
k,521031.0,-53.87726593,3.0793983939999996,0.4297019243
k,521032.0,-53.87974167,3.1421475410000004,0.6236338615
k,521033.0,-53.88703537,3.217354536,0.8456301689
k,521034.0,-53.89637756,3.28114152,1.0420942309999999
k,521035.0,-53.88870621,3.34255743,1.23632288
k,521036.0,-53.88957977,3.4065415860000003,1.429100513
k,521037.0,-53.87844849,3.4738264080000003,1.627159119
k,521038.0,-53.88628006,3.541201115,1.829395294
k,521039.0,-53.88677597,3.605098963,2.029680252
k,521040.0,-53.90452576,3.67488265,2.240438461
k,521041.0,-53.8855629,3.746867895,2.469537735
k,521042.0,-53.88064957,3.8066158289999996,2.64644146
k,521043.0,-53.88917542,3.852833748,2.7820148469999997
k,521044.0,-53.86396027,3.9566056730000003,3.098466873
k,521045.0,-53.85668564,3.996186256,3.2305164339999997
k,521046.0,-53.86571884,4.067290783,3.4431877139999996
k,521047.0,-53.88251495,4.129787445,3.636184692
k,521048.0,-53.8844223,4.197431087,3.841913223
k,521049.0,-53.89489365,4.261793613,4.034734726
k,521050.0,-53.89411926,4.3248028760000015,4.2218627930000014
k,521051.0,-53.87403488,4.393465042,4.431678772
k,521052.0,-53.67785645,3.080377817,0.432103157
k,521053.0,-53.6781044,3.14507246,0.6262807846
k,521054.0,-53.69377136,3.2133119110000004,0.8320107459999999
k,521055.0,-53.69358063,3.2789611819999998,1.0344471929999999
k,521056.0,-53.68992615,3.339049578,1.2276229859999999
k,521057.0,-53.69129562,3.406758785,1.438125134
k,521058.0,-53.68423843,3.47808218,1.642459869
k,521059.0,-53.70391846,3.540419102,1.833955765
k,521060.0,-53.70920944,3.597385645,2.0079422
k,521061.0,-53.61616898,3.691124916,2.303858757
k,521062.0,-53.66474533,3.74463439,2.464307785
k,521063.0,-53.68098831,3.8020992280000003,2.636053085
k,521064.0,-53.68101883,3.8521852489999997,2.7845201489999996
k,521065.0,-53.6803093,3.956576347,3.1053676610000003
k,521066.0,-53.673847200000004,3.9939646719999997,3.2219276430000003
k,521067.0,-53.6954689,4.067993164,3.4430446619999997
k,521068.0,-53.6954155,4.132662773,3.6407928469999997
k,521069.0,-53.67749023,4.200951099,3.84400177
k,521070.0,-53.67431259,4.258907318,4.0262241360000015
k,521071.0,-53.68035507,4.3275365830000005,4.23390007
k,521072.0,-53.68587494,4.390572548,4.426088333
k,521073.0,-53.45380402,3.0815663339999997,0.4295500517
k,521074.0,-53.46615219,3.147974014,0.6329262257
k,521075.0,-53.48479843,3.21262455,0.8301172256
k,521076.0,-53.49484253,3.277389288,1.029481888
k,521077.0,-53.48476410000001,3.341710806,1.2309799190000001
k,521078.0,-53.4865036,3.40614295,1.429116249
k,521079.0,-53.48232269,3.4690294269999997,1.6168193819999999
k,521080.0,-53.44213486,3.5282604689999997,1.7995319369999998
k,521081.0,-53.45634842,3.59279418,1.9997997280000002
k,521082.0,-53.44709778,3.681329012,2.26223278
k,521083.0,-53.48293686,3.738968611,2.444295883
k,521084.0,-53.50328827,3.79988265,2.62760067
k,521085.0,-53.48823547,3.8508653639999997,2.780514717
k,521086.0,-53.49330521,3.9567389489999996,3.1054191589999998
k,521087.0,-53.48029327,3.9988915919999997,3.2317333219999997
k,521088.0,-53.46916962,4.065290451,3.4300994869999997
k,521089.0,-53.49172974,4.129924297,3.638185501
k,521090.0,-53.48768997,4.199137211,3.837779999
k,521091.0,-53.49433517,4.253033161,4.003751755
k,521092.0,-53.49497986,4.324203014,4.2226066589999975
k,521093.0,-53.50687408,4.392573357,4.431423187
k,521094.0,-53.28948975,3.0801393989999997,0.4277874231
k,521095.0,-53.28539276,3.149380445,0.6398758888
k,521096.0,-53.2907753,3.215301275,0.8399753570999999
k,521097.0,-53.29894638,3.277814865,1.03204155
k,521098.0,-53.31639862,3.332490206,1.203857422
k,521099.0,-53.27653885,3.4041116239999996,1.442605972
k,521100.0,-53.29128647,3.470692635,1.648541451
k,521101.0,-53.26735687,3.538617373,1.841430664
k,521102.0,-53.2791481,3.584275723,1.975420952
k,521103.0,-53.27831268,3.674585581,2.25262928
k,521104.0,-53.26956558,3.735600233,2.441979408
k,521105.0,-53.28230286,3.7979640960000003,2.632813454
k,521106.0,-53.2749939,3.8448531630000002,2.783286095
k,521107.0,-53.29772949,3.955755711,3.110561371
k,521108.0,-53.28929138,3.999911547,3.239253998
k,521109.0,-53.29431915,4.0661726,3.4385318760000003
k,521110.0,-53.28428268,4.124891281,3.621152878
k,521111.0,-53.29619217,4.198257446,3.842554092
k,521112.0,-53.29133224,4.250952244,4.003622055
k,521113.0,-53.25913620000001,4.327404976,4.25110817
k,521114.0,-53.28659058,4.377729893,4.400701523
k,521115.0,-64.07666016,3.07814908,0.3690528870000001
k,521116.0,-64.0809021,3.1415207389999997,0.5647718906
k,521117.0,-64.08078003,3.208993673,0.7708523273000001
k,521118.0,-64.09329224,3.273900032,0.9703841209
k,521119.0,-64.09594727,3.3386948110000003,1.171414852
k,521120.0,-64.07859802,3.4044106010000004,1.372320652
k,521121.0,-64.06388855,3.46249485,1.544681549
k,521122.0,-64.04708862,3.5368218419999997,1.773459435
k,521123.0,-64.06777954,3.591992855,1.9544858930000002
k,521124.0,-64.03729248,3.665167332,2.173242569
k,521125.0,-64.05184937,3.731363535,2.380865097
k,521126.0,-64.05203247,3.793056726,2.571949959
k,521127.0,-64.05583954,3.8445274830000002,2.7349042889999997
k,521128.0,-64.05471802,3.94393611,3.023469925
k,521129.0,-64.07980347,3.988364458,3.1726703639999996
k,521130.0,-64.07622528,4.0515918730000005,3.36844635
k,521131.0,-64.08583069,4.120568752,3.575878143
k,521132.0,-64.09275818,4.186694145,3.77557373
k,521133.0,-64.08171082,4.250026226,3.9640388489999996
k,521134.0,-64.08085632,4.3209500310000015,4.176467896
k,521135.0,-64.08561707,4.381968975,4.359220505
k,521136.0,-53.07752991,3.0809633730000003,0.4312061071
k,521137.0,-53.08454132,3.149034023,0.6413278579999999
k,521138.0,-53.10105515,3.206948042,0.8179721832
k,521139.0,-53.14710999,3.270490408,1.0208706859999999
k,521140.0,-53.08301926,3.3386771680000003,1.2470798490000001
k,521141.0,-53.05116272,3.412011385,1.4651117319999998
k,521142.0,-53.08353806,3.4720337389999996,1.645804405
k,521143.0,-53.07842255,3.5363714689999997,1.838580132
k,521144.0,-53.0976181,3.584628105,1.983944893
k,521145.0,-53.0835495,3.676598787,2.262665749
k,521146.0,-53.08733749,3.7342162130000003,2.442382813
k,521147.0,-53.09760666,3.802669525,2.645206451
k,521148.0,-53.08852386,3.8489921089999997,2.7847528460000004
k,521149.0,-53.06645584,3.956757545,3.102592468
k,521150.0,-53.06753539999999,3.998499155,3.2331237789999996
k,521151.0,-53.08426666,4.067522049,3.449525833
k,521152.0,-53.07845306,4.1285238269999995,3.63741684
k,521153.0,-53.08653259,4.201265335,3.8550395969999998
k,521154.0,-53.07761002,4.2572827339999995,4.022062302
k,521155.0,-53.08769608,4.330315113,4.246217728
k,521156.0,-53.09557343,4.37784338,4.422246933
k,521157.0,-52.88492584,3.080287933,0.4332997799
k,521158.0,-52.897994999999995,3.138764143,0.6167292595
k,521159.0,-52.88639832,3.1929471489999997,0.7841665745
k,521160.0,-52.81110382,3.298314333,1.0982036590000002
k,521161.0,-52.86303329,3.345502853,1.248996258
k,521162.0,-52.88491058,3.404754877,1.430202961
k,521163.0,-52.87683487,3.470097065,1.6319866180000002
k,521164.0,-52.87965393,3.533162832,1.8305988309999999
k,521165.0,-52.90169525,3.582829952,1.9819059369999998
k,521166.0,-52.88203049,3.6738307480000003,2.252981186
k,521167.0,-52.87264633,3.737090111,2.448476791
k,521168.0,-52.87714005,3.79660964,2.626267433
k,521169.0,-52.89510345,3.845018387,2.77560997
k,521170.0,-52.88482285,3.9526154989999998,3.099039078
k,521171.0,-52.87973404,3.994419575,3.228916168
k,521172.0,-52.89670563,4.064751625,3.435886383
k,521173.0,-52.89265823,4.1261820789999994,3.624053955
k,521174.0,-52.88634491,4.1948256489999975,3.828525543
k,521175.0,-52.89587402,4.259736538,4.030488968
k,521176.0,-52.8624649,4.321537018,4.219177246
k,521177.0,-52.87273026,4.377031326,4.413507462
k,521178.0,-52.695831299999995,3.084123135,0.44293463229999996
k,521179.0,-52.69193268,3.1412019730000003,0.6308772564
k,521180.0,-52.65581131,3.2150859830000003,0.8562731743
k,521181.0,-52.68052292,3.279043198,1.040304184
k,521182.0,-52.68439865,3.340628147,1.232192993
k,521183.0,-52.67592621,3.4073753360000003,1.4382815359999999
k,521184.0,-52.67316437,3.473042488,1.6404676440000001
k,521185.0,-52.68498993,3.539926767,1.845932961
k,521186.0,-52.70087814,3.5878753660000005,1.99984169
k,521187.0,-52.67816925,3.674684525,2.254514694
k,521188.0,-52.68322754,3.740204334,2.4516325
k,521189.0,-52.69191742,3.7980329989999997,2.632026672
k,521190.0,-52.68315887,3.8490011689999997,2.781856537
k,521191.0,-52.68507767,3.951282263,3.098209381
k,521192.0,-52.67631912,3.9956283569999997,3.233348846
k,521193.0,-52.68886185,4.062335013999999,3.433174133
k,521194.0,-52.67730331,4.12677002,3.6323165889999998
k,521195.0,-52.67977524,4.199340343,3.850460052
k,521196.0,-52.69147873,4.262184143,4.039136887
k,521197.0,-52.69246674,4.327717304,4.239408493
k,521198.0,-52.67819595,4.385051727,4.415742873999999
k,521199.0,-52.43667984,3.0859222410000005,0.4434193373
k,521200.0,-52.4655304,3.149574041,0.6470096111
k,521201.0,-52.48331833,3.209803581,0.8327357769
k,521202.0,-52.48881149,3.274971962,1.0334281920000001
k,521203.0,-52.48151779,3.339594603,1.230478287
k,521204.0,-52.48233032,3.4070594310000004,1.43719244
k,521205.0,-52.49304199,3.471738577,1.634475708
k,521206.0,-52.47994995,3.534867287,1.829101563
k,521207.0,-52.47686386,3.586678267,1.989104271
k,521208.0,-52.48667145,3.6721167560000003,2.2466258999999997
k,521209.0,-52.48163605,3.734538078,2.435125351
k,521210.0,-52.47742081,3.801370144,2.640901566
k,521211.0,-52.50328445,3.846786737,2.791283607
k,521212.0,-52.48644638,3.9510848519999997,3.0913486480000003
k,521213.0,-52.49027252,3.9974341389999997,3.23462677
k,521214.0,-52.47702789,4.063960552,3.442089081
k,521215.0,-52.48385620000001,4.129360676,3.6329078669999997
k,521216.0,-52.48689270000001,4.195114136,3.8294563289999997
k,521217.0,-52.48373795,4.263614178,4.040458678999999
k,521218.0,-52.48069,4.327744007,4.2407073969999995
k,521219.0,-52.48239136,4.390033722,4.429674148999999
k,521220.0,-52.28197479,3.085523367,0.4407531023
k,521221.0,-52.28741074,3.1491580010000004,0.6393847466
k,521222.0,-52.28892517,3.2131068710000004,0.8382055759
k,521223.0,-52.27137756,3.278789997,1.0417323109999999
k,521224.0,-52.26824188,3.3386521339999997,1.226436138
k,521225.0,-52.26824188,3.4035592080000003,1.4250693319999999
k,521226.0,-52.28152466,3.47193408,1.635745049
k,521227.0,-52.29133987,3.53538847,1.831964493
k,521228.0,-52.28393173,3.588668585,2.001237869
k,521229.0,-52.29724503,3.673908949,2.25453186
k,521230.0,-52.29217911,3.736422539,2.4406995769999997
k,521231.0,-52.27348328,3.8013098239999996,2.642002106
k,521232.0,-52.29977798,3.835246325,2.81095314
k,521233.0,-52.28492355,3.936502934,3.079658508
k,521234.0,-52.2876358,3.9946744439999997,3.229595184
k,521235.0,-52.28069305,4.062101364,3.4344215389999997
k,521236.0,-52.28506851,4.1338505739999984,3.6462764739999995
k,521237.0,-52.27980042,4.197888374,3.84176445
k,521238.0,-52.29097366,4.258711338,4.029127121
k,521239.0,-52.281017299999995,4.3254442210000015,4.235403061
k,521240.0,-52.28529739,4.393285275,4.436271667
k,521241.0,-52.08496857,3.0801198480000003,0.4282358885
k,521242.0,-52.08650208,3.14280057,0.6228983402
k,521243.0,-52.08980179,3.2086701389999996,0.8288538456
k,521244.0,-52.08209229,3.272494555,1.025100231
k,521245.0,-52.08374786,3.338357925,1.230157375
k,521246.0,-52.08860016,3.401817322,1.421192169
k,521247.0,-52.07277679,3.4695017339999996,1.6228580469999998
k,521248.0,-52.06347656,3.536949873,1.826740265
k,521249.0,-52.05825043,3.5928916930000003,1.9977960590000001
k,521250.0,-52.07777786,3.671039581,2.237678528
k,521251.0,-52.08282852,3.732377052,2.420147896
k,521252.0,-52.07350922,3.799897671,2.6234035490000003
k,521253.0,-52.10538483,3.841810465,2.7708759310000004
k,521254.0,-52.09306335,3.936626196,3.073127747
k,521255.0,-52.08612823,3.9938356880000003,3.2247047419999997
k,521256.0,-52.07777786,4.062633514,3.431436539
k,521257.0,-52.07901001,4.127673149,3.630010605
k,521258.0,-52.08789825,4.192849159,3.832437515
k,521259.0,-52.08782578,4.256476879,4.024610518999999
k,521260.0,-52.08901215,4.3228631019999995,4.224578857
k,521261.0,-52.08504105,4.387465,4.421916962
k,521262.0,-63.89469528,3.0852081780000002,0.3949787617
k,521263.0,-63.89827728,3.1521980760000003,0.600673914
k,521264.0,-63.88018799,3.219311714,0.8040156364
k,521265.0,-63.8848877,3.2833025460000003,1.001557827
k,521266.0,-63.88435364,3.3441350460000003,1.189590454
k,521267.0,-63.88394165,3.412894249,1.39956665
k,521268.0,-63.87071991,3.4778475760000003,1.59650898
k,521269.0,-63.87540817,3.5412554739999997,1.794569969
k,521270.0,-63.89210892,3.607598305,2.012404442
k,521271.0,-63.87944412,3.6715557580000002,2.202813148
k,521272.0,-63.88439941,3.7363698480000003,2.4038124080000003
k,521273.0,-63.88316727,3.7987604139999998,2.596396446
k,521274.0,-63.89250183,3.848555326,2.7509737010000004
k,521275.0,-63.89314270000001,3.9477982519999997,3.0494060519999997
k,521276.0,-63.87657547,3.998501778,3.2049961089999996
k,521277.0,-63.87030029,4.062324047,3.40086937
k,521278.0,-63.87518311,4.125759125,3.5926017760000004
k,521279.0,-63.88832855,4.198012352,3.80871582
k,521280.0,-63.88152313,4.260801792,3.9975585939999996
k,521281.0,-63.87732315,4.332257748,4.212125778
k,521282.0,-63.89189148,4.392656803,4.391395569
k,521283.0,-63.66921234,3.07855916,0.37900424
k,521284.0,-63.67733383,3.1440117360000004,0.5779325961999999
k,521285.0,-63.67818069,3.207162142,0.7696986198000001
k,521286.0,-63.68329239,3.2693285939999996,0.9588317870999999
k,521287.0,-63.68605042,3.33685708,1.170146465
k,521288.0,-63.68003464,3.4046676160000002,1.378290653
k,521289.0,-63.68503189,3.468554735,1.5726613999999999
k,521290.0,-63.67900467,3.5345475669999997,1.7742805480000001
k,521291.0,-63.67816925,3.589470148,1.947952271
k,521292.0,-63.67614746,3.6668615339999997,2.1901597980000003
k,521293.0,-63.67731094,3.729161978,2.381304741
k,521294.0,-63.67757797,3.793610096,2.579711914
k,521295.0,-63.68558121,3.842768669,2.734186172
k,521296.0,-63.68174744,3.9434497360000003,3.0335578919999997
k,521297.0,-63.68829346,3.989973783,3.1760597230000003
k,521298.0,-63.68374252,4.054412842,3.373256683
k,521299.0,-63.67913437,4.118657589,3.56870079
k,521300.0,-63.68111038,4.190630436,3.7849845889999996
k,521301.0,-63.68600082,4.253278732,3.97429657
k,521302.0,-63.688175199999996,4.318594933,4.1746978760000015
k,521303.0,-63.67937851,4.383995533,4.367723465
k,521304.0,-63.48360443,3.0893013480000002,0.4083015919
k,521305.0,-63.48825073,3.153907776,0.6065313816
k,521306.0,-63.48472977,3.21479845,0.793595314
k,521307.0,-63.47360611,3.28172493,0.9986510276999999
k,521308.0,-63.48134232,3.3468766210000003,1.200168133
k,521309.0,-63.48557663,3.413250208,1.4039368630000002
k,521310.0,-63.48877335,3.4781460760000003,1.601343155
k,521311.0,-63.48715591,3.542281866,1.798352242
k,521312.0,-63.49689484,3.601269484,1.9826965330000001
k,521313.0,-63.48501968,3.6744594569999998,2.2094316480000002
k,521314.0,-63.48178482,3.7361164089999996,2.39915657
k,521315.0,-63.49305344,3.802510738,2.607507706
k,521316.0,-63.47526932,3.848712444,2.752055168
k,521317.0,-63.47722626,3.951232433,3.056991577
k,521318.0,-63.48173523,4.000104427,3.207317352
k,521319.0,-63.47838593,4.061581135,3.393283844
k,521320.0,-63.47815323,4.126977921,3.592626572
k,521321.0,-63.47844315,4.199388981,3.81272316
k,521322.0,-63.47167969,4.260727882,3.998239517
k,521323.0,-63.48515701,4.327552319,4.198347092
k,521324.0,-63.47908020000001,4.395684719,4.403282166
k,521325.0,-63.27621460000001,3.08478713,0.39802002909999995
k,521326.0,-63.28221893,3.1517212389999996,0.6064195633
k,521327.0,-63.27351379,3.221168995,0.8159048556999999
k,521328.0,-63.28496933,3.284203053,1.006558895
k,521329.0,-63.28681564,3.34474802,1.194675922
k,521330.0,-63.28274155,3.4147589210000002,1.4098143580000002
k,521331.0,-63.28449249,3.477479696,1.600362778
k,521332.0,-63.26852798,3.54253006,1.80214119
k,521333.0,-63.27732086,3.606012106,2.007428169
k,521334.0,-63.29160690000001,3.668028355,2.193193436
k,521335.0,-63.2841301,3.735637188,2.4019203190000002
k,521336.0,-63.28278351,3.7979879380000003,2.59814167
k,521337.0,-63.2723465,3.8508014680000002,2.76008606
k,521338.0,-63.28104782,3.9514544010000003,3.061763763
k,521339.0,-63.2773056,3.9970278739999996,3.2024230960000004
k,521340.0,-63.2882576,4.061981201,3.3996219639999996
k,521341.0,-63.28312683,4.129738808,3.6041584010000003
k,521342.0,-63.28340149,4.200870037,3.819358826
k,521343.0,-63.28208923,4.259449482,3.995567322
k,521344.0,-63.27771759,4.325339317,4.192861557
k,521345.0,-63.28539276,4.394155979,4.399520873999999
k,521346.0,-64.87058258,2.982039452,0.08059614152000001
k,521347.0,-64.67058563,2.981959343,0.08111965656
k,521348.0,-64.47058105,2.9818789960000003,0.08164316416
k,521349.0,-64.27058411,2.981798649,0.0821666792
k,521350.0,-64.07058716,2.98171854,0.0826901868
k,521351.0,-63.87058639999999,2.981638193,0.08321369439
k,521352.0,-63.67058563,2.9815580839999996,0.08373720944
k,521353.0,-63.47058868,2.981477737,0.08426071703
k,521354.0,-63.27058792,2.981397629,0.08478423208
k,521355.0,-63.07059097,2.981317282,0.08530773968000001
k,521356.0,-62.87059021,2.981236935,0.08583125472000001
k,521357.0,-62.67058945,2.9811568260000003,0.08635476232000001
k,521358.0,-62.4705925,2.981076479,0.08687826991
k,521359.0,-62.27059174,2.98099637,0.08740178495999999
k,521360.0,-62.07059097,2.9809160230000002,0.08792529255
k,521361.0,-61.87059402,2.980835915,0.0884488076
k,521362.0,-61.67059326,2.980755568,0.08897231519
k,521363.0,-61.47059631,2.980675459,0.08949583024
k,521364.0,-61.27059555,2.980595112,0.09001933783
k,521365.0,-61.07059479,2.980514765,0.09054284542999999
k,521366.0,-60.87059784,2.9804346560000003,0.09106636047
k,521367.0,-60.67059708,2.980354309,0.09158986807
k,521368.0,-60.47060013,2.9802742,0.09211338311
k,521369.0,-60.27059937,2.9801938530000003,0.09263689071
k,521370.0,-60.070598600000004,2.980113745,0.09316040576
k,521371.0,-59.87060165,2.9800333980000002,0.09368391335000001
k,521372.0,-59.67060089,2.9799530510000003,0.09420742095000001
k,521373.0,-59.47060013,2.979872942,0.09473093599
k,521374.0,-59.27060318,2.979792595,0.09525444358999999
k,521375.0,-59.07060242,2.9797124860000004,0.09577795862999999
k,521376.0,-58.87060547,2.9796321389999996,0.09630146623
k,521377.0,-58.67060471,2.9795520310000003,0.09682498127
k,521378.0,-58.47060394,2.979471684,0.09734848887
k,521379.0,-58.27060699,2.9793913360000004,0.09787199646
k,521380.0,-58.07060623,2.9793112280000003,0.09839551151
k,521381.0,-57.87060928,2.9792308810000003,0.0989190191
k,521382.0,-57.67060852,2.9791507719999997,0.09944253415
k,521383.0,-57.47060776,2.979070425,0.09996604174000001
k,521384.0,-57.27061081,2.9789903160000004,0.10048955679999999
k,521385.0,-57.07061005,2.9789099689999996,0.10101306439999999
k,521386.0,-56.87060928,2.9788296219999997,0.10153657199999999
k,521387.0,-56.67061234,2.9787495139999995,0.102060087
k,521388.0,-56.47061157,2.978669167,0.10258359460000001
k,521389.0,-56.27061462,2.9785890580000003,0.1031071097
k,521390.0,-56.07061386,2.9785087110000004,0.1036306173
k,521391.0,-55.87061310000001,2.9784286019999997,0.10415413230000001
k,521392.0,-55.67061615,2.978348255,0.10467763990000001
k,521393.0,-55.47061539,2.978268147,0.1052011475
k,521394.0,-55.27061844,2.9781877989999996,0.1057246625
k,521395.0,-55.07061768,2.9781074519999997,0.1062481701
k,521396.0,-54.87061691,2.9780273439999996,0.1067716852
k,521397.0,-54.67061996,2.977946997,0.1072951928
k,521398.0,-54.4706192,2.9778668880000003,0.1078187078
k,521399.0,-54.27061844,2.9777865410000004,0.1083422154
k,521400.0,-54.07062149,2.9777064319999997,0.10886573050000001
k,521401.0,-53.87062073,2.977626085,0.10938923810000001
k,521402.0,-53.67062378,2.9775457380000003,0.10991274570000001
k,521403.0,-53.47062302,2.97746563,0.1104362607
k,521404.0,-53.27062225,2.9773852830000003,0.1109597683
k,521405.0,-53.07062531,2.9773051739999996,0.1114832833
k,521406.0,-52.87062454,2.9772248269999997,0.1120067909
k,521407.0,-52.67062759,2.977144718,0.112530306
k,521408.0,-52.47062683,2.9770643710000004,0.1130538136
k,521409.0,-52.27062607,2.9769840239999996,0.1135773212
k,521410.0,-52.07062912,2.976903915,0.11410083619999999
k,521411.0,-51.87062836,2.976823568,0.11462434380000001
k,521412.0,-64.88383484,4.4476637839999995,4.555674076
k,521413.0,-64.68383789,4.447583675,4.556197643
k,521414.0,-64.48383331,4.447503567,4.55672121
k,521415.0,-64.28383636,4.447423458,4.557244301
k,521416.0,-64.08383942,4.447342873,4.557767868
k,521417.0,-63.88383865,4.4472627639999995,4.558291435
k,521418.0,-63.68383789,4.447182655,4.558815002
k,521419.0,-63.48384094,4.44710207,4.55933857
k,521420.0,-63.28384018,4.447021961,4.559862137
k,521421.0,-63.08383942,4.446941853,4.560385704
k,521422.0,-62.88384247,4.446861744,4.560909271
k,521423.0,-62.68384171,4.446781158,4.561432838
k,521424.0,-62.48384476,4.44670105,4.561955929
k,521425.0,-62.28384399,4.446620941,4.562479496
k,521426.0,-62.08384323,4.446540356,4.563003063
k,521427.0,-61.88384628,4.446460247,4.56352663
k,521428.0,-61.68384552,4.446380138,4.564050198
k,521429.0,-61.48384857,4.44630003,4.564573765
k,521430.0,-61.28384781,4.446219444,4.565097332
k,521431.0,-61.08384705,4.446139336,4.565620899
k,521432.0,-60.883850100000004,4.446059227,4.56614399
k,521433.0,-60.68384933,4.445979118,4.566667557
k,521434.0,-60.48384857,4.445898533,4.567191124
k,521435.0,-60.28385162,4.445818424,4.567714691
k,521436.0,-60.08385086,4.445738316,4.568238258
k,521437.0,-59.88385391,4.44565773,4.568761826
k,521438.0,-59.68385315,4.445577621,4.569285393
k,521439.0,-59.48385239,4.445497513,4.56980896
k,521440.0,-59.28385544,4.445417404,4.570332527
k,521441.0,-59.08385468,4.4453368189999996,4.570855618
k,521442.0,-58.88385773,4.44525671,4.571379185
k,521443.0,-58.68385696,4.445176601,4.571902752
k,521444.0,-58.48385620000001,4.445096016,4.572426319
k,521445.0,-58.28385925,4.445015907,4.572949886
k,521446.0,-58.08385849,4.444935799,4.573473454
k,521447.0,-57.88385773,4.44485569,4.573997021
k,521448.0,-57.68386078,4.444775105,4.574520588
k,521449.0,-57.48386002,4.444694996,4.575043678
k,521450.0,-57.28386307,4.444614887,4.575567245
k,521451.0,-57.0838623,4.444534302,4.576090813
k,521452.0,-56.88386154,4.444454193,4.57661438
k,521453.0,-56.68386459,4.444374084,4.577137947
k,521454.0,-56.48386383,4.444293976,4.577661514
k,521455.0,-56.28386688,4.44421339,4.578185081
k,521456.0,-56.08386612,4.444133282,4.578708649
k,521457.0,-55.88386536,4.444053173,4.579232216
k,521458.0,-55.68386841,4.443972588,4.579755306
k,521459.0,-55.48386765,4.443892479,4.580278873
k,521460.0,-55.28386688,4.44381237,4.580802441
k,521461.0,-55.08386993,4.443732262,4.5813260080000004
k,521462.0,-54.88386917,4.443651676,4.581849575
k,521463.0,-54.68387222,4.443571568,4.582373142
k,521464.0,-54.48387146,4.443491459,4.582896709
k,521465.0,-54.28387070000001,4.443410873,4.583420277
k,521466.0,-54.08387375,4.443330765,4.583943367
k,521467.0,-53.88387299,4.443250656,4.584466934
k,521468.0,-53.68387604,4.443170547,4.584990501
k,521469.0,-53.48387527,4.443089962,4.585514068999999
k,521470.0,-53.28387451,4.443009853,4.586037636
k,521471.0,-53.08387756,4.442929745,4.5865612030000005
k,521472.0,-52.883876799999996,4.442849159,4.58708477
k,521473.0,-52.68387604,4.442769051,4.587608337
k,521474.0,-52.48387909,4.442688942,4.588131905
k,521475.0,-52.28387833,4.442608833,4.588654995
k,521476.0,-52.08388138,4.442528248,4.589178562
k,521477.0,-51.88388062,4.442448139,4.589702129
k,521478.0,-64.88327026,4.385416031,4.3656086919999995
k,521479.0,-64.88270569,4.323167801,4.175543308
k,521480.0,-64.88214874,4.260920048,3.9854776860000003
k,521481.0,-64.88158417,4.198672295,3.795412302
k,521482.0,-64.88101959,4.136424065,3.60534668
k,521483.0,-64.88045502,4.074176311,3.4152812960000003
k,521484.0,-64.87989807,4.011928082,3.225215912
k,521485.0,-64.8793335,3.94968009,3.035150528
k,521486.0,-64.87876892,3.887432098,2.8450851439999996
k,521487.0,-64.87820435,3.8251841069999997,2.655019522
k,521488.0,-64.87764739999999,3.762936115,2.464954138
k,521489.0,-64.87708282,3.7006881239999996,2.274888754
k,521490.0,-64.87651825,3.638440132,2.08482337
k,521491.0,-64.87595367,3.5761921410000004,1.8947578669999998
k,521492.0,-64.8753891,3.513944149,1.704692364
k,521493.0,-64.87483215,3.4516961569999998,1.51462698
k,521494.0,-64.87426758,3.389448404,1.324561477
k,521495.0,-64.873703,3.327200413,1.1344960929999999
k,521496.0,-64.87313843,3.2649524210000003,0.9444306493000001
k,521497.0,-64.87258148,3.20270443,0.7543652058
k,521498.0,-64.87201691,3.140456438,0.5642997622
k,521499.0,-64.87145233,3.0782084469999997,0.3742342889
k,521500.0,-51.88331604,4.380200386,4.399636745
k,521501.0,-51.88275528,4.3179521560000005,4.209571362
k,521502.0,-51.8821907,4.255704403,4.019505978
k,521503.0,-51.88162994,4.193456173,3.829440355
k,521504.0,-51.88106537,4.13120842,3.639374971
k,521505.0,-51.88050461,4.06896019,3.4493095869999997
k,521506.0,-51.87994003,4.006712437,3.259244204
k,521507.0,-51.87937927,3.944464207,3.069178581
k,521508.0,-51.87881470000001,3.882216215,2.8791131969999997
k,521509.0,-51.87825394,3.8199682239999997,2.689047813
k,521510.0,-51.87768936,3.75772047,2.49898243
k,521511.0,-51.87712479,3.6954724789999998,2.3089168069999997
k,521512.0,-51.87656403,3.6332244869999997,2.118851423
k,521513.0,-51.87599945,3.570976496,1.928786039
k,521514.0,-51.87543869,3.5087285039999996,1.738720536
k,521515.0,-51.87487411,3.446480513,1.5486551519999998
k,521516.0,-51.87431335,3.3842325210000004,1.358589649
k,521517.0,-51.87374878,3.321984529,1.168524265
k,521518.0,-51.87318802,3.2597365380000003,0.9784588218000001
k,521519.0,-51.87262344,3.197488546,0.7883933783
k,521520.0,-51.87206268,3.135240555,0.5983279347
k,521521.0,-51.87149811,3.072992563,0.40826249119999997
