k,31.0,-0.09686101228,-3.136053085,0.27914321420000004
k,32.0,-0.1261012554,-3.302302361,0.7501454948999999
k,33.0,-0.08259315789,-3.459014416,1.216055393
k,34.0,-0.09201287478,-3.637259245,1.740540385
k,35.0,-0.09497472644,-3.809909344,2.256233454
k,36.0,-0.1116155237,-3.992703676,2.789227247
k,37.0,-0.09734980762,-4.151140213,3.263173103
k,38.0,-0.06529225409,-4.305009842,3.729141235
k,39.0,-0.1734967232,-4.465072632,4.206225395
k,310.0,0.2411647439,-3.105194092,0.2115541399
k,311.0,0.31025263670000003,-3.327079773,0.8552979826999999
k,312.0,0.3941816688000001,-3.462355614,1.248411536
k,313.0,0.385409236,-3.628293037,1.741639495
k,314.0,0.3775513768,-3.792331934,2.227493286
k,315.0,0.375877589,-3.959420681,2.71854043
k,316.0,0.3742245436,-4.123893261,3.201452017
k,317.0,0.3948091865,-4.281911373,3.696513176
k,318.0,0.33029130100000004,-4.469762325,4.233808517
k,319.0,4.993209362,-3.2193536760000003,0.5536631942
k,320.0,4.904266357,-3.380905867,1.014516592
k,321.0,4.666749954,-3.555860519,1.542145967
k,322.0,4.796318053999999,-3.732057571,2.055858135
k,323.0,4.846594334,-3.887599468,2.512570381
k,324.0,4.850578785,-4.063758373,3.0343070030000003
k,325.0,4.855276108,-4.227134705,3.513809681
k,326.0,4.834517479,-4.35887146,3.939908028
k,327.0,4.863732338,-4.484781742,4.320861816
k,328.0,5.406483173,-3.24576664,0.6344272494
k,329.0,5.364264011,-3.389618397,1.0461851359999998
k,330.0,5.467831612,-3.535164833,1.475387096
k,331.0,5.168159485,-3.948740005,2.696476698
k,332.0,5.248768806,-4.074286938,3.071537495
k,333.0,5.336455345,-4.228499889,3.5242280960000003
k,334.0,5.349181652,-4.352624416,3.925432682
k,335.0,5.315538883,-4.478173733,4.328344345
k,336.0,5.820144176,-3.305087328,0.8032393456
k,337.0,5.836765289,-3.453004837,1.23344481
k,338.0,5.834225655,-3.632367849,1.76263833
k,339.0,5.947230816,-3.761708498,2.144119978
k,340.0,6.082247734,-3.876155376,2.505593061
k,341.0,5.645386696,-4.3164463039999985,3.80223608
k,342.0,5.758764267,-4.481311321000001,4.287950516
k,343.0,6.221228599999999,-3.362040997,0.9708219767
k,344.0,6.292433262,-3.511661053,1.40877831
k,345.0,6.291427135,-3.690643549,1.938107967
k,346.0,6.295393467,-3.858062744,2.435818195
k,347.0,6.409779549,-4.03068924,2.943552732
k,348.0,6.425247669,-4.208484173,3.467937469
k,349.0,6.406918049,-4.330189705,3.855229616
k,350.0,6.4181766510000005,-4.481775283999999,4.294278145
k,351.0,6.930207253,-3.4449894430000003,1.207861543
k,352.0,6.891846657,-3.619556904,1.725956798
k,353.0,6.902382374,-3.785118818,2.211205721
k,354.0,6.886212826,-3.944890738,2.672977448
k,355.0,6.87113142,-4.109521389,3.166197062
k,356.0,6.893552303,-4.280412674,3.680208921
k,357.0,6.857905388,-4.475557804,4.275374413
k,358.0,7.330548286,-3.430954695,1.16855371
k,359.0,7.332767487000001,-3.588688374,1.633731008
k,360.0,7.314416885,-3.765671253,2.156095028
k,361.0,7.3173213010000016,-3.935046196,2.648691416
k,362.0,7.314497948,-4.100308895,3.143100739
k,363.0,7.302303791,-4.281636238,3.687292814
k,364.0,7.348759651,-4.479944229,4.284855843
k,365.0,7.835976601,-3.436156034,1.183888316
k,366.0,7.823357582000001,-3.602965832,1.680372119
k,367.0,7.831451416,-3.776501894,2.191554785
k,368.0,7.818941116,-3.942836761,2.678429842
k,369.0,7.831685066,-4.115954876,3.190967798
k,370.0,7.845726967,-4.275592327,3.673694372
k,371.0,7.860160351,-4.488162041,4.301621437
k,372.0,8.360015869,-3.409259796,1.108693838
k,373.0,8.330516815,-3.552791119,1.5369740719999998
k,374.0,8.347723961,-3.728471994,2.049516201
k,375.0,8.356767654,-3.905681372,2.575403452
k,376.0,8.348798752,-4.08257246,3.094011784
k,377.0,8.339325905,-4.257035255,3.610594749
k,378.0,8.363459587000001,-4.427821636,4.1372938160000015
k,379.0,8.843879699999997,-3.387980223,1.037407994
k,380.0,8.812565804,-3.527650118,1.450496674
k,381.0,8.850362778,-3.717605114,2.012101173
k,382.0,8.817941666,-3.889587879,2.515144587
k,383.0,8.824810982,-4.050938129,2.994012833
k,384.0,8.845973969,-4.218431473,3.485791683
k,385.0,8.806893349,-4.38739872,3.992489815
k,386.0,8.824938774,-4.483471394,4.32656908
k,387.0,9.363857269,-3.390500307,1.043357611
k,388.0,9.334600449,-3.520740509,1.4294571880000002
k,389.0,9.355960846,-3.70559454,1.978352666
k,390.0,9.356438637,-3.884615421,2.500600338
k,391.0,9.347989082,-4.045255184,2.978658199
k,392.0,9.351675034,-4.222531796,3.501599789
k,393.0,9.362210274,-4.372868061,3.945915699
k,394.0,9.340326309,-4.485640049,4.304062366
k,395.0,0.8549883366,-3.373236895,0.9856685996
k,396.0,0.8486928344,-3.508101463,1.384563208
k,397.0,0.8453519344,-3.702949047,1.954670429
k,398.0,0.8657460809,-3.852283478,2.397049665
k,399.0,0.8473747969,-4.022828579,2.903675795
k,3100.0,0.8546205759000001,-4.192223072,3.400925398
k,3101.0,0.8750007153,-4.310139179,3.78697753
k,3102.0,0.8600693940999999,-4.488745689,4.299328804
k,3103.0,9.782891272999999,-3.4537837510000005,1.23228085
k,3104.0,9.811429977000001,-3.607033014,1.693665981
k,3105.0,9.800966263,-3.775199652,2.18837595
k,3106.0,9.807477951000001,-3.935504913,2.655663967
k,3107.0,9.808962822,-4.122097492,3.210299015
k,3108.0,9.821603775,-4.28027916,3.683137894
k,3109.0,9.792838097,-4.489159107,4.28949213
k,3110.0,10.38758087,-3.334428549,0.8881713748000001
k,3111.0,10.39352512,-3.493931055,1.352057338
k,3112.0,10.388937,-3.674818754,1.891136646
k,3113.0,10.36429882,-3.825717211,2.337560654
k,3114.0,10.35182095,-3.998150587,2.841930866
k,3115.0,10.35248661,-4.160115242,3.327908754
k,3116.0,10.36389542,-4.299648762,3.74329114
k,3117.0,10.34041023,-4.472883701000001,4.27960968
k,3118.0,10.7443924,-3.246950388,0.6320223212
k,3119.0,10.85926628,-3.418177366,1.124947071
k,3120.0,10.88054848,-3.573183298,1.5872358080000002
k,3121.0,10.82930851,-3.741073608,2.082799673
k,3122.0,10.85194111,-3.912984848,2.588277817
k,3123.0,10.84517288,-4.090873718,3.11389327
k,3124.0,10.81584549,-4.2478685380000005,3.5726642610000003
k,3125.0,10.77197647,-4.424283504,4.109830379
k,3126.0,11.39208984,-3.237907887,0.6002808809000001
k,3127.0,11.33927917,-3.408029079,1.093704462
k,3128.0,11.34629059,-3.57450366,1.586245418
k,3129.0,11.36459446,-3.745592594,2.090506792
k,3130.0,11.28648949,-3.898294687,2.542380571
k,3131.0,11.200737,-4.0667309760000006,3.041780472
k,3132.0,11.13468838,-4.181009293,3.379662275
k,3133.0,11.79566765,-3.157081604,0.3537767231
k,3134.0,11.78734112,-3.300194502,0.7670269012
k,3135.0,11.70102596,-3.465641737,1.254758835
k,3136.0,11.73633575,-3.632462502,1.7521752119999998
k,3137.0,11.87734699,-3.791505814,2.232502222
k,3138.0,11.91006374,-3.960989714,2.738981009
k,3139.0,11.88430023,-4.138339996,3.256190538
k,3140.0,11.87960529,-4.304994583,3.73451972
k,3141.0,11.86099339,-4.456942081,4.179332733
k,3142.0,12.49451351,-3.134808779,0.2872165143
k,3143.0,12.44153976,-3.317754745,0.8237708211
k,3144.0,12.47612762,-3.4728641510000005,1.280603647
k,3145.0,12.43495178,-3.657959461,1.82756567
k,3146.0,12.40990448,-3.811941385,2.285293102
k,3147.0,12.38896275,-3.974972725,2.76679039
k,3148.0,12.40278816,-4.141572952,3.260659218
k,3149.0,12.39432621,-4.3000898360000015,3.73801899
k,3150.0,12.31742096,-4.467693806000001,4.2328901289999985
k,3151.0,12.85582924,-3.172576189,0.3976317644
k,3152.0,12.84897327,-3.298662424,0.7663695812000001
k,3153.0,12.83601379,-3.4684264660000004,1.266145706
k,3154.0,12.84123707,-3.656809807,1.823686242
k,3155.0,12.83468151,-3.801577806,2.251186848
k,3156.0,12.85005951,-3.977157593,2.768638849
k,3157.0,12.8476162,-4.145563126,3.270722151
k,3158.0,12.84831429,-4.306699753,3.748190165
k,3159.0,12.8201952,-4.497326374,4.296068192
k,3160.0,13.32930088,-3.22393918,0.5484625101
k,3161.0,13.33296013,-3.399396658,1.063134193
k,3162.0,13.32045078,-3.552316189,1.5159858469999998
k,3163.0,13.35211563,-3.736536741,2.059646845
k,3164.0,13.33825874,-3.901964903,2.546336889
k,3165.0,13.34246635,-4.070576668,3.0548102860000004
k,3166.0,13.34630013,-4.246079445,3.566915035
k,3167.0,13.38187504,-4.381752014,3.973116636
k,3168.0,13.31435871,-4.500796795,4.33872509
k,3169.0,13.80031204,-3.2284996510000004,0.5632877946
k,3170.0,13.87031746,-3.408536673,1.091960669
k,3171.0,13.8238821,-3.544881582,1.492231131
k,3172.0,13.83012104,-3.732046843,2.050926924
k,3173.0,13.87084198,-3.90483737,2.560614824
k,3174.0,13.84467506,-4.076538086,3.074373722
k,3175.0,13.85047817,-4.244619846,3.565097094
k,3176.0,13.86264801,-4.402842999,4.036071777
k,3177.0,13.85292339,-4.491627693,4.347551823
k,3178.0,14.21468163,-3.22865653,0.563942194
k,3179.0,14.2052021,-3.406737804,1.087559938
k,3180.0,14.19679165,-3.556108952,1.528331399
k,3181.0,14.20345211,-3.725778103,2.032557011
k,3182.0,14.20226192,-3.901591539,2.557286263
k,3183.0,14.20565224,-4.066921711,3.043906212
k,3184.0,14.21395874,-4.247659683,3.576987267
k,3185.0,14.22433662,-4.416465758999999,4.062931538
k,3186.0,14.19808865,-4.490203381000001,4.351023197
k,3187.0,1.448474884,-3.143168449,0.3321290612
k,3188.0,1.359484911,-3.29318285,0.7604154348000001
k,3189.0,1.317507386,-3.465952635,1.258144498
k,3190.0,1.387637496,-3.641671419,1.777762651
k,3191.0,1.3721472019999998,-3.790318012,2.2142062190000003
k,3192.0,1.316457868,-3.962414742,2.72413373
k,3193.0,1.355837345,-4.13473177,3.237246513
k,3194.0,1.342231393,-4.286947727,3.694649935
k,3195.0,1.340721607,-4.488652706,4.310616493
k,3196.0,14.93927479,-3.237158298,0.5930111408
k,3197.0,14.85788155,-3.4057922360000004,1.084030867
k,3198.0,14.87754822,-3.55139184,1.5173738
k,3199.0,14.85672855,-3.730540514,2.050219297
k,3200.0,14.85534859,-3.89786768,2.5454216
k,3201.0,14.85755157,-4.073513031,3.067663193
k,3202.0,14.86262512,-4.240588665,3.554756165
k,3203.0,14.8331728,-4.407739162,4.045906067
k,3204.0,14.85293388,-4.502467632,4.338848114
k,3205.0,15.41404724,-3.269105434,0.6885015368
k,3206.0,15.33323193,-3.427504539,1.148377538
k,3207.0,15.38047123,-3.586869717,1.625357151
k,3208.0,15.3492527,-3.760694981,2.141800165
k,3209.0,15.35236645,-3.923406601,2.618530273
k,3210.0,15.34925365,-4.092163086,3.125525475
k,3211.0,15.35094643,-4.267262936,3.635641098
k,3212.0,15.39821911,-4.459086895,4.216610909
k,3213.0,15.84701252,-3.319210768,0.8332972527
k,3214.0,15.8194685,-3.466109514,1.264170527
k,3215.0,15.82786179,-3.628839731,1.749785781
k,3216.0,15.85067558,-3.787214279,2.222724915
k,3217.0,15.81766319,-3.970846176,2.764818668
k,3218.0,15.83805084,-4.132471085,3.2481520180000003
k,3219.0,15.83311272,-4.281341076,3.679273844
k,3220.0,15.84179592,-4.491740227,4.307700157
k,3221.0,16.23589325,-3.369841814,0.9823487401
k,3222.0,16.24178314,-3.513578176,1.410915375
k,3223.0,16.30374336,-3.697776556,1.96254909
k,3224.0,16.28687096,-3.856732607,2.436400652
k,3225.0,16.28653336,-4.019961357,2.917621613
k,3226.0,16.31363678,-4.197188377,3.439197302
k,3227.0,16.2868042,-4.317973137,3.798154593
k,3228.0,16.186851500000003,-4.488842964,4.312960625
k,3229.0,17.00894928,-3.491393566,1.340780854
k,3230.0,16.99866104,-3.697856665,1.963209033
k,3231.0,16.90298843,-3.838958025,2.387768507
k,3232.0,16.9045105,-4.005600452,2.880260468
k,3233.0,16.7296772,-4.165145397,3.348790884
k,3234.0,16.61062241,-4.322780132,3.806475163
k,3235.0,16.59836197,-4.468652725,4.2204666139999985
k,3236.0,1.744535565,-3.341032267,0.9008324146
k,3237.0,1.757347465,-3.4838147160000004,1.3132750990000002
k,3238.0,1.758371115,-3.672807217,1.873471379
k,3239.0,1.763699651,-3.816749573,2.293216228
k,3240.0,1.742769241,-3.991122246,2.8091430660000003
k,3241.0,1.766627669,-4.164346695,3.3229815960000004
k,3242.0,1.7445609569999998,-4.305728436,3.751735449
k,3243.0,1.70841074,-4.488957405,4.304688931
k,3244.0,2.432633877,-3.2128882410000004,0.5258521438
k,3245.0,2.411803961,-3.394756794,1.063600183
k,3246.0,2.43002367,-3.5374548439999995,1.4831564430000002
k,3247.0,2.425563574,-3.719428062,2.021903753
k,3248.0,2.422955751,-3.885333061,2.507132769
k,3249.0,2.432788372,-4.0563502310000015,3.007763386
k,3250.0,2.410920143,-4.229771614,3.5315423010000004
k,3251.0,2.391165257,-4.362241745,3.963233948
k,3252.0,2.4138102530000003,-4.48043108,4.3164825439999985
k,3253.0,2.852659225,-3.216634274,0.5386888981
k,3254.0,2.84245348,-3.3840065000000004,1.0255542990000002
k,3255.0,2.852725267,-3.535558224,1.475242615
k,3256.0,2.829165459,-3.719797611,2.013610601
k,3257.0,2.8499104980000003,-3.891518354,2.517809153
k,3258.0,2.8397426610000003,-4.064117908,3.029987335
k,3259.0,2.842076063,-4.230766773,3.521048307
k,3260.0,2.826462507,-4.334750175,3.892327785
k,3261.0,2.8331170080000003,-4.476370335,4.321024418
k,3262.0,3.35037756,-3.210414648,0.5167620182
k,3263.0,3.350758791,-3.394351721,1.055253386
k,3264.0,3.310747623,-3.5249152180000003,1.443449616
k,3265.0,3.342072964,-3.71640873,2.004470587
k,3266.0,3.346207619,-3.883927584,2.497140646
k,3267.0,3.333937407,-4.054276466,3.004130125
k,3268.0,3.341674089,-4.226848602,3.512744904
k,3269.0,3.373501301,-4.324861526,3.863574028
k,3270.0,3.366172552,-4.486288548,4.315321445
k,3271.0,3.823454142,-3.170511007,0.4035627246
k,3272.0,3.83795476,-3.314380169,0.8225036263
k,3273.0,3.843869925,-3.4875996110000003,1.330600023
k,3274.0,3.825406551,-3.670107603,1.873394608
k,3275.0,3.846487045,-3.824389935,2.32572937
k,3276.0,3.846959829,-3.994100809,2.8246665
k,3277.0,3.826066256,-4.160501003,3.31683135
k,3278.0,3.878116369,-4.295279026,3.743280172
k,3279.0,3.857625246000001,-4.486302853,4.316323757
k,3280.0,4.157900333,-3.131915569,0.2878515422
k,3281.0,4.201724052,-3.3116190430000003,0.8148937821
k,3282.0,4.221738815,-3.472972155,1.291728377
k,3283.0,4.173658371,-3.664879084,1.858273029
k,3284.0,4.240458488,-3.81521678,2.302380562
k,3285.0,4.264668941,-3.980073214,2.787673473
k,3286.0,4.273081779,-4.151825428,3.297145367
k,3287.0,4.308372498,-4.289000511,3.722616434
k,3288.0,4.305301666,-4.485247612,4.27812767
k,3289.0,0.0,-3.0447416310000004,0.01966358908
k,3290.0,0.5,-3.0447416310000004,0.01966358908
k,3291.0,1.0,-3.0447416310000004,0.01966358908
k,3292.0,1.5,-3.0447416310000004,0.01966358908
k,3293.0,2.0,-3.0447416310000004,0.01966358908
k,3294.0,2.5,-3.0447416310000004,0.01966358908
k,3295.0,3.0,-3.0447416310000004,0.01966358908
k,3296.0,3.5,-3.0447416310000004,0.01966358908
k,3297.0,4.0,-3.0447416310000004,0.01966358908
k,3298.0,4.5,-3.0447416310000004,0.01966358908
k,3299.0,5.0,-3.0447416310000004,0.01966358908
k,3300.0,5.5,-3.0447416310000004,0.01966358908
k,3301.0,6.0,-3.0447416310000004,0.01966358908
k,3302.0,6.5,-3.0447416310000004,0.01966358908
k,3303.0,7.0,-3.0447416310000004,0.01966358908
k,3304.0,7.5,-3.0447416310000004,0.01966358908
k,3305.0,8.0,-3.0447416310000004,0.01966358908
k,3306.0,8.5,-3.0447416310000004,0.01966358908
k,3307.0,9.0,-3.0447416310000004,0.01966358908
k,3308.0,9.5,-3.0447416310000004,0.01966358908
k,3309.0,10.0,-3.0447416310000004,0.01966358908
k,3310.0,10.5,-3.0447416310000004,0.01966358908
k,3311.0,11.0,-3.0447416310000004,0.01966358908
k,3312.0,11.5,-3.0447416310000004,0.01966358908
k,3313.0,12.0,-3.0447416310000004,0.01966358908
k,3314.0,12.5,-3.0447416310000004,0.01966358908
k,3315.0,13.0,-3.0447416310000004,0.01966358908
k,3316.0,13.5,-3.0447416310000004,0.01966358908
k,3317.0,14.0,-3.0447416310000004,0.01966358908
k,3318.0,14.5,-3.0447416310000004,0.01966358908
k,3319.0,15.0,-3.0447416310000004,0.01966358908
k,3320.0,15.5,-3.0447416310000004,0.01966358908
k,3321.0,16.0,-3.0447416310000004,0.01966358908
k,3322.0,16.5,-3.0447416310000004,0.01966358908
k,3323.0,17.0,-3.0447416310000004,0.01966358908
