A,21,210,2290
A,210,2291,2290
A,21,22,210
A,22,211,210
A,22,23,211
A,23,212,211
A,212,295,211
A,212,296,295
A,296,2189,295
A,2189,2188,295
A,2189,2237,2188
A,2237,2187,2188
A,2187,2292,2188
A,2187,2293,2292
A,2187,2294,2293
A,2187,2237,2294
A,2237,2245,2294
A,2245,2295,2294
A,2245,2254,2295
A,2254,2296,2295
A,2254,2263,2296
A,2263,2297,2296
A,2263,2272,2297
A,2272,2298,2297
A,2272,2281,2298
A,2281,2299,2298
A,2281,219,2299
A,219,2300,2299
A,219,2301,2300
A,219,228,2301
A,228,2302,2301
A,228,236,2302
A,228,229,236
A,229,237,236
A,237,243,236
A,237,244,243
A,244,251,243
A,244,252,251
A,252,259,251
A,259,258,251
A,259,265,258
A,259,266,265
A,266,273,265
A,273,272,265
A,273,280,272
A,280,279,272
A,280,288,279
A,288,287,279
A,288,2103,287
A,288,2104,2103
A,2104,2111,2103
A,2111,2110,2103
A,2111,2119,2110
A,2119,2118,2110
A,2118,2311,2110
A,2311,2310,2110
A,2118,2312,2311
A,2118,2126,2312
A,2126,2313,2312
A,2126,2133,2313
A,2133,2314,2313
A,2133,2142,2314
A,2142,2315,2314
A,2142,2151,2315
A,2151,2316,2315
A,2151,2160,2316
A,2160,2317,2316
A,2160,2169,2317
A,2169,2318,2317
A,2169,2178,2318
A,2178,2319,2318
A,2178,2196,2319
A,2196,2320,2319
A,2196,2205,2320
A,2205,2321,2320
A,2205,2322,2321
A,2205,2214,2322
A,2205,2206,2214
A,2206,2215,2214
A,2215,2222,2214
A,2215,2223,2222
A,2223,2230,2222
A,2223,2224,2230
A,2224,2231,2230
A,2224,2232,2231
A,2224,2225,2232
A,2225,2233,2232
A,2225,2226,2233
A,2226,2234,2233
A,2226,2227,2234
A,2227,2235,2234
A,2227,2228,2235
A,2228,2236,2235
A,2228,2229,2236
A,2228,2221,2229
A,2228,2220,2221
A,2220,2212,2221
A,2212,2213,2221
A,2212,2204,2213
A,2212,2203,2204
A,2203,2185,2204
A,2185,2186,2204
A,2185,2177,2186
A,2185,2176,2177
A,2176,2168,2177
A,2176,2167,2168
A,2167,2159,2168
A,2167,2158,2159
A,2158,2149,2159
A,2149,2150,2159
A,2149,2140,2150
A,2140,2141,2150
A,2149,2139,2140
A,2139,2132,2140
A,2139,2131,2132
A,2131,2123,2132
A,2123,2124,2132
A,2123,2115,2124
A,2115,2116,2124
A,2116,2125,2124
A,2116,2117,2125
A,2116,2109,2117
A,2116,2108,2109
A,2108,293,2109
A,293,294,2109
A,293,285,294
A,285,286,294
A,285,278,286
A,285,277,278
A,277,270,278
A,270,271,278
A,270,264,271
A,270,263,264
A,263,257,264
A,263,256,257
A,256,249,257
A,249,250,257
A,249,242,250
A,249,241,242
A,241,234,242
A,234,235,242
A,234,226,235
A,226,227,235
A,226,2289,227
A,226,2288,2289
A,2288,2279,2289
A,2279,2280,2289
A,2279,2270,2280
A,2270,2271,2280
A,2270,2261,2271
A,2261,2262,2271
A,2261,2252,2262
A,2252,2253,2262
A,2252,2244,2253
A,2252,2243,2244
A,2243,2194,2244
A,2194,2195,2244
A,2194,2101,2195
A,2101,2102,2195
A,2101,218,2102
A,2101,217,218
A,217,28,218
A,28,29,218
A,217,27,28
A,217,216,27
A,216,26,27
A,216,215,26
A,215,25,26
A,215,214,25
A,214,24,25
A,214,213,24
A,213,212,24
A,212,23,24
A,213,296,212
A,213,297,296
A,297,2190,296
A,2190,2189,296
A,2190,2239,2189
A,2239,2238,2189
A,2238,2237,2189
A,2238,2246,2237
A,2246,2245,2237
A,2246,2255,2245
A,2255,2254,2245
A,2255,2264,2254
A,2264,2263,2254
A,2264,2273,2263
A,2273,2272,2263
A,2273,2282,2272
A,2282,2281,2272
A,2282,219,2281
A,2282,220,219
A,220,229,219
A,229,228,219
A,220,230,229
A,230,237,229
A,230,238,237
A,238,244,237
A,238,245,244
A,245,252,244
A,245,253,252
A,253,260,252
A,260,259,252
A,260,266,259
A,260,267,266
A,267,274,266
A,274,273,266
A,274,280,273
A,274,281,280
A,281,289,280
A,289,288,280
A,289,2104,288
A,289,2105,2104
A,2105,2112,2104
A,2112,2111,2104
A,2112,2120,2111
A,2120,2119,2111
A,2120,2127,2119
A,2127,2126,2119
A,2126,2118,2119
A,2127,2134,2126
A,2134,2133,2126
A,2134,2143,2133
A,2143,2142,2133
A,2143,2151,2142
A,2143,2152,2151
A,2152,2160,2151
A,2152,2161,2160
A,2161,2169,2160
A,2161,2170,2169
A,2170,2178,2169
A,2170,2179,2178
A,2179,2197,2178
A,2197,2196,2178
A,2197,2206,2196
A,2206,2205,2196
A,2197,2198,2206
A,2198,2207,2206
A,2207,2215,2206
A,2207,2216,2215
A,2216,2223,2215
A,2216,2224,2223
A,2216,2217,2224
A,2217,2225,2224
A,2217,2218,2225
A,2218,2226,2225
A,2218,2219,2226
A,2219,2227,2226
A,2219,2220,2227
A,2220,2228,2227
A,2219,2211,2220
A,2211,2212,2220
A,2211,2203,2212
A,2211,2202,2203
A,2202,2184,2203
A,2184,2185,2203
A,2184,2176,2185
A,2184,2175,2176
A,2175,2167,2176
A,2175,2166,2167
A,2166,2158,2167
A,2166,2157,2158
A,2157,2148,2158
A,2148,2149,2158
A,2148,2139,2149
A,2148,2147,2139
A,2147,2138,2139
A,2138,2131,2139
A,2138,2130,2131
A,2130,2122,2131
A,2122,2123,2131
A,2122,2114,2123
A,2114,2115,2123
A,2114,2107,2115
A,2107,2108,2115
A,2108,2116,2115
A,2107,292,2108
A,292,293,2108
A,292,284,293
A,284,285,293
A,284,277,285
A,284,276,277
A,276,269,277
A,269,270,277
A,269,263,270
A,269,262,263
A,262,255,263
A,255,256,263
A,255,248,256
A,248,249,256
A,248,241,249
A,255,247,248
A,255,254,247
A,254,246,247
A,246,240,247
A,246,239,240
A,239,231,240
A,246,245,239
A,245,238,239
A,246,253,245
A,246,254,253
A,254,261,253
A,261,260,253
A,261,267,260
A,261,268,267
A,268,275,267
A,275,274,267
A,275,281,274
A,275,282,281
A,282,290,281
A,290,289,281
A,290,2105,289
A,290,2106,2105
A,2106,2113,2105
A,2113,2112,2105
A,2113,2121,2112
A,2121,2120,2112
A,2121,2128,2120
A,2128,2127,2120
A,2128,2135,2127
A,2135,2134,2127
A,2135,2143,2134
A,2135,2144,2143
A,2144,2153,2143
A,2153,2152,2143
A,2153,2161,2152
A,2153,2162,2161
A,2162,2171,2161
A,2171,2170,2161
A,2171,2180,2170
A,2180,2179,2170
A,2180,2198,2179
A,2198,2197,2179
A,2180,2199,2198
A,2199,2207,2198
A,2199,2208,2207
A,2208,2216,2207
A,2208,2217,2216
A,2208,2209,2217
A,2209,2218,2217
A,2209,2210,2218
A,2210,2219,2218
A,2210,2211,2219
A,2210,2202,2211
A,2210,2201,2202
A,2201,2184,2202
A,2201,2183,2184
A,2183,2174,2184
A,2174,2175,2184
A,2174,2166,2175
A,2174,2165,2166
A,2165,2157,2166
A,2165,2156,2157
A,2156,2148,2157
A,2156,2147,2148
A,2156,2146,2147
A,2146,2138,2147
A,2146,2137,2138
A,2137,2130,2138
A,2137,2129,2130
A,2129,2121,2130
A,2121,2122,2130
A,2121,2113,2122
A,2113,2114,2122
A,2113,2106,2114
A,2106,2107,2114
A,2106,291,2107
A,291,292,2107
A,291,283,292
A,283,284,292
A,283,276,284
A,283,282,276
A,282,275,276
A,275,268,276
A,268,269,276
A,268,262,269
A,268,261,262
A,261,254,262
A,254,255,262
A,283,291,282
A,291,290,282
A,291,2106,290
A,2129,2128,2121
A,2129,2136,2128
A,2136,2135,2128
A,2136,2144,2135
A,2136,2145,2144
A,2145,2154,2144
A,2154,2153,2144
A,2154,2162,2153
A,2154,2163,2162
A,2163,2171,2162
A,2163,2172,2171
A,2172,2180,2171
A,2172,2181,2180
A,2181,2199,2180
A,2181,2182,2199
A,2182,2200,2199
A,2200,2208,2199
A,2200,2209,2208
A,2200,2201,2209
A,2201,2210,2209
A,2200,2183,2201
A,2200,2182,2183
A,2182,2173,2183
A,2173,2174,2183
A,2173,2165,2174
A,2173,2164,2165
A,2164,2156,2165
A,2164,2155,2156
A,2155,2146,2156
A,2155,2145,2146
A,2145,2137,2146
A,2145,2136,2137
A,2136,2129,2137
A,2155,2154,2145
A,2155,2163,2154
A,2155,2164,2163
A,2164,2172,2163
A,2164,2173,2172
A,2173,2181,2172
A,2173,2182,2181
A,220,221,230
A,221,222,230
A,221,2284,222
A,2284,2285,222
A,2285,223,222
A,223,231,222
A,223,224,231
A,224,232,231
A,224,225,232
A,225,233,232
A,225,234,233
A,234,241,233
A,225,226,234
A,225,2288,226
A,225,2287,2288
A,2287,2279,2288
A,2287,2278,2279
A,2278,2269,2279
A,2269,2270,2279
A,2269,2261,2270
A,2269,2260,2261
A,2260,2251,2261
A,2251,2252,2261
A,2251,2243,2252
A,2251,2242,2243
A,2242,2193,2243
A,2193,2194,2243
A,2193,2100,2194
A,2100,2101,2194
A,2100,217,2101
A,2100,216,217
A,2100,299,216
A,299,215,216
A,299,298,215
A,298,214,215
A,298,297,214
A,297,213,214
A,298,2191,297
A,2191,2190,297
A,2191,2240,2190
A,2240,2239,2190
A,2240,2248,2239
A,2248,2247,2239
A,2247,2238,2239
A,2247,2246,2238
A,2247,2256,2246
A,2256,2255,2246
A,2256,2265,2255
A,2265,2264,2255
A,2265,2274,2264
A,2274,2273,2264
A,2274,2283,2273
A,2283,2282,2273
A,2283,220,2282
A,2283,221,220
A,2283,2284,221
A,2283,2274,2284
A,2274,2275,2284
A,2275,2276,2284
A,2276,2285,2284
A,2276,2286,2285
A,2286,223,2285
A,2286,224,223
A,2286,2287,224
A,2287,225,224
A,2286,2277,2287
A,2277,2278,2287
A,2277,2268,2278
A,2268,2269,2278
A,2268,2259,2269
A,2259,2260,2269
A,2259,2251,2260
A,2259,2250,2251
A,2250,2242,2251
A,2250,2241,2242
A,2241,2193,2242
A,2241,2192,2193
A,2192,299,2193
A,299,2100,2193
A,2192,298,299
A,2192,2191,298
A,2192,2241,2191
A,2241,2240,2191
A,2241,2249,2240
A,2249,2248,2240
A,2249,2257,2248
A,2257,2247,2248
A,2257,2256,2247
A,2257,2266,2256
A,2266,2265,2256
A,2266,2275,2265
A,2275,2274,2265
A,2266,2276,2275
A,2266,2267,2276
A,2267,2277,2276
A,2277,2286,2276
A,2267,2268,2277
A,2267,2258,2268
A,2258,2259,2268
A,2258,2250,2259
A,2258,2249,2250
A,2249,2241,2250
A,2258,2257,2249
A,2258,2267,2257
A,2267,2266,2257
A,210,295,2291
A,295,2292,2291
A,295,2188,2292
A,236,243,2302
A,243,2303,2302
A,243,2304,2303
A,243,251,2304
A,251,258,2304
A,258,2305,2304
A,258,265,2305
A,265,2306,2305
A,265,272,2306
A,272,2307,2306
A,272,279,2307
A,279,2308,2307
A,279,287,2308
A,287,2309,2308
A,287,2310,2309
A,287,2110,2310
A,287,2103,2110
A,2214,2222,2322
A,2222,2323,2322
A,2222,2230,2323
A,2140,2125,2141
A,2125,2117,2141
A,2140,2132,2125
A,2132,2124,2125
A,278,271,286
A,28,27,29
A,248,233,241
A,248,247,233
A,247,232,233
A,247,240,232
A,240,231,232
A,239,222,231
A,239,238,222
A,238,230,222
